5 5 5 5 5 5 5 5 5 4 2 1 1 0 0 0 0 0 0 0 0 0 0 0 0 0 0 0 0 0 0 0 0 0 0 0 0 0 0 0 0 0 0 0 0 0 0 0 0 0 0 0 0 0 0 0 0 0 0 0 0 0 0 0 0 0 0 0 0 0 0 0 0 0 0 0 0 0 0 0 0 0 0 0 0 0 0 0 0 0 0 0 0 0 0 0 0 0 0 0 0 0 0 0 0 0 0 0 0 0 0 0 0 0 0 0 0 0 0 0 0 0 0 0 0 0 0 0 0 0 0 0 1 1 1 1 1 1 1 2 4 5 5 5 5 5 5 5 5 5 
55 55 55 55 55 55 55 55 55 4 2 1 1 0 0 0 0 0 0 0 0 0 0 0 0 0 0 0 50 0 0 0 0 0 0 0 0 0 0 0 0 0 0 0 0 50 0 0 0 0 0 0 0 0 0 0 0 0 0 0 0 0 0 0 0 0 0 0 0 0 0 0 0 0 0 0 0 0 0 0 0 0 0 0 0 0 0 0 0 0 0 0 0 0 0 0 0 0 0 0 0 0 0 0 0 0 0 0 0 0 0 0 0 0 0 0 0 0 0 0 0 0 0 0 0 0 0 0 0 0 0 0 1 1 1 1 1 1 1 2 4 5 5 5 5 5 5 5 5 5 
5 5 5 5 5 5 5 5 55 55 3 1 1 0 0 0 0 0 0 0 0 0 0 0 0 50 0 0 0 0 0 0 50 0 0 0 50 0 0 0 0 0 0 0 0 0 0 0 0 0 0 0 0 0 0 0 0 0 0 50 0 0 0 0 0 0 0 0 0 0 0 0 0 0 0 0 0 0 0 0 0 0 0 0 0 0 0 0 0 0 0 0 0 0 0 0 0 0 0 0 0 0 0 0 0 0 0 0 0 0 0 0 0 0 0 0 0 0 0 0 0 0 0 0 0 0 0 0 0 0 0 0 0 1 1 1 1 1 2 3 5 5 5 5 5 5 5 5 5 5 
5 5 5 5 5 5 5 5 5 55 5 4 2 0 0 0 0 0 0 0 0 0 0 0 0 50 0 0 0 0 0 0 50 0 0 0 50 50 0 0 0 0 0 50 0 0 0 0 0 0 0 0 0 0 50 0 0 0 0 50 0 0 0 0 0 0 0 0 0 0 0 0 0 0 0 0 0 0 0 0 0 0 0 0 0 0 0 0 0 0 0 0 0 0 0 0 0 0 0 0 0 0 0 0 0 0 0 0 0 0 0 0 0 0 0 0 0 0 0 0 0 0 0 0 0 0 0 0 0 0 0 0 0 1 2 2 2 2 4 5 5 5 5 5 5 5 5 5 5 5 
5 5 5 5 5 5 5 5 5 5 55 5 4 1 0 0 0 50 50 0 0 0 0 0 0 0 0 0 0 50 0 0 0 0 0 50 0 0 0 0 50 0 0 0 0 0 0 0 0 0 0 0 0 0 0 0 0 0 0 50 0 0 0 0 0 0 0 0 0 0 0 0 0 0 0 0 0 0 0 0 0 0 0 0 0 0 0 0 0 0 0 0 0 0 0 0 0 0 0 0 0 0 0 0 0 0 0 0 0 0 0 0 0 0 0 0 0 0 0 0 0 0 0 0 0 0 0 0 0 0 0 0 1 2 3 3 3 4 5 5 5 5 5 5 5 5 5 5 5 5 
5 5 5 5 5 5 5 5 5 5 5 5 5 3 1 0 0 50 50 0 0 0 0 0 0 0 0 0 0 0 0 0 0 0 50 50 0 0 0 0 0 0 0 0 0 0 0 0 0 0 0 0 0 0 0 0 0 0 0 50 0 0 0 0 0 0 0 0 0 0 0 0 0 0 0 0 0 0 0 0 0 0 0 0 0 0 0 0 0 0 0 0 0 0 0 0 0 0 0 0 0 0 0 0 0 0 0 0 0 0 0 0 0 0 0 0 0 0 0 0 0 0 0 0 0 0 0 0 0 0 0 1 1 2 3 3 4 5 5 5 5 5 5 5 5 5 5 5 5 5 
5 5 5 5 5 5 5 5 5 5 5 55 5 3 1 0 0 0 0 0 0 0 0 0 0 0 0 0 0 0 0 0 0 0 0 0 0 0 0 0 0 0 0 0 0 0 0 0 0 0 0 0 0 0 0 0 0 0 0 50 0 0 0 0 0 0 0 0 0 0 0 0 0 0 0 0 0 0 0 0 0 0 0 0 0 0 0 0 0 0 0 0 0 0 0 0 0 0 0 0 0 0 0 0 0 0 0 0 0 0 0 0 0 0 0 0 0 0 0 0 0 0 0 0 0 0 0 0 0 0 0 1 1 2 3 4 5 5 5 5 5 5 5 5 5 5 5 5 5 5 
5 5 5 5 5 5 5 5 5 5 5 5 54 3 2 1 1 0 0 0 0 0 0 0 0 0 0 0 0 0 0 0 0 0 0 0 0 0 0 0 0 0 0 0 0 0 0 0 0 0 0 0 0 0 0 0 0 0 0 50 0 0 0 0 0 0 0 0 0 0 0 0 0 0 0 0 0 0 0 0 0 0 0 0 0 0 0 0 0 0 0 0 0 0 0 0 0 0 0 0 0 0 0 0 0 0 0 0 0 0 0 0 0 0 0 0 0 0 0 0 0 0 0 0 0 0 0 0 0 0 0 1 1 2 3 4 5 5 5 5 5 5 5 5 5 5 5 5 5 5 
5 5 5 5 5 5 5 5 5 5 5 5 4 3 2 2 1 0 50 0 0 0 0 0 0 0 0 0 0 0 0 0 0 0 0 0 0 0 0 0 0 0 0 0 0 0 0 0 0 0 0 0 0 0 0 0 0 0 0 0 0 0 0 0 0 0 0 0 0 0 0 0 0 0 0 0 0 0 0 0 0 0 0 0 0 0 0 0 0 0 0 0 0 0 0 0 0 0 0 0 0 0 0 0 0 0 0 0 0 0 0 0 0 0 0 0 0 0 0 0 0 0 0 0 0 0 0 0 0 0 0 1 1 2 4 4 5 5 5 5 5 5 5 5 5 5 5 5 5 5 
5 5 5 5 5 5 5 5 5 5 5 5 4 3 2 2 1 1 0 0 0 0 0 0 0 0 0 0 0 0 0 0 0 0 0 0 0 0 0 0 0 0 0 0 0 0 0 0 0 0 0 0 0 0 0 0 0 0 0 0 0 0 0 0 0 0 0 0 0 0 0 0 0 0 0 0 0 0 0 0 0 0 0 0 0 0 0 0 0 0 0 0 0 0 0 0 0 0 0 0 0 0 0 0 0 0 0 0 0 0 0 0 0 0 0 0 0 0 0 0 0 0 0 0 0 0 0 0 0 0 1 1 2 3 4 5 5 5 5 5 5 5 5 5 5 5 5 5 5 5 
5 5 5 5 5 5 5 5 5 5 5 4 4 3 2 2 2 1 0 0 0 0 0 0 0 0 0 0 0 0 0 0 0 0 0 0 0 0 0 0 0 0 0 0 0 0 0 0 0 0 0 0 0 0 0 0 0 0 0 0 0 0 0 0 0 0 0 0 0 0 0 0 0 0 0 0 0 0 0 0 0 0 0 0 0 0 0 0 0 0 0 0 0 0 0 0 0 0 0 0 0 0 0 0 0 0 0 0 0 0 0 0 0 0 0 0 0 0 0 0 0 0 0 0 0 0 0 0 0 0 1 2 2 3 4 5 5 5 5 5 5 5 5 5 5 5 5 5 5 5 
5 5 5 5 5 5 5 5 5 5 5 5 4 3 2 2 2 1 1 0 0 0 0 0 0 0 0 0 0 0 0 0 0 0 0 0 0 0 0 0 0 0 0 0 0 0 0 0 0 0 0 0 0 0 0 0 0 0 0 0 0 0 0 0 0 0 0 0 0 0 0 0 0 0 0 0 0 0 0 0 0 0 0 0 0 0 0 0 0 0 0 0 0 0 0 0 0 0 0 0 0 0 0 0 0 0 0 0 0 0 0 0 0 0 0 0 0 0 0 0 0 0 0 0 0 0 0 0 0 1 1 2 3 3 4 5 5 5 5 5 5 5 5 5 5 5 5 5 5 5 
5 5 5 5 5 5 5 5 5 5 5 5 4 4 3 2 2 2 1 1 0 0 0 0 0 0 0 0 0 0 0 0 0 0 0 0 0 0 0 0 0 0 0 0 0 0 0 0 0 0 0 0 0 0 0 0 0 0 0 0 0 0 0 0 0 0 0 0 0 0 0 0 0 0 0 0 0 0 0 0 0 0 0 0 0 0 0 0 0 0 0 0 0 0 0 0 0 0 0 0 0 0 0 0 0 0 0 0 0 0 0 0 0 0 0 0 0 0 0 0 0 0 0 0 0 0 0 0 0 1 1 2 3 3 4 5 5 5 5 5 5 5 5 5 5 5 5 5 5 5 
5 5 5 5 5 5 5 5 5 5 5 5 4 4 2 2 2 2 1 1 1 0 0 0 0 0 0 0 0 0 0 0 0 0 0 0 0 0 0 0 0 0 0 0 0 0 0 0 0 0 0 0 0 0 0 0 0 0 0 0 0 1 1 1 1 1 1 1 0 0 0 0 0 0 0 0 0 0 0 0 0 0 1 1 1 1 1 1 1 0 0 0 0 0 0 0 0 0 0 0 0 0 0 0 0 0 0 0 0 0 0 0 0 0 0 0 0 0 0 0 0 0 0 0 0 0 0 0 0 1 1 2 3 3 4 5 5 5 5 5 5 5 5 5 5 5 5 5 5 5 
5 5 5 5 5 5 5 5 5 5 5 5 4 3 2 2 2 2 2 1 1 0 0 0 0 0 0 0 0 0 0 0 0 0 0 0 0 0 0 0 0 0 0 0 0 0 0 0 0 0 0 0 0 0 0 0 0 0 1 1 1 1 1 2 2 2 2 1 1 1 1 0 0 0 0 0 0 0 0 1 1 1 1 2 2 2 2 1 1 1 1 1 0 0 0 0 0 0 0 0 0 0 0 0 0 0 0 0 0 0 0 0 0 0 0 0 0 0 0 0 0 0 0 0 0 0 0 0 0 1 2 3 3 4 4 5 5 5 5 5 5 5 5 5 5 5 5 5 5 5 
5 5 5 5 5 5 5 5 5 5 5 4 4 3 2 2 2 2 1 1 1 0 0 0 0 0 0 0 0 0 0 0 0 0 0 0 0 0 0 0 0 0 0 0 0 0 0 0 0 0 0 0 0 0 0 0 1 1 1 2 2 2 2 2 3 3 3 2 2 2 1 1 1 0 0 0 0 1 1 1 2 2 2 3 3 3 2 2 2 2 2 1 1 1 0 0 0 0 0 0 0 0 0 0 0 0 0 0 0 0 0 0 0 0 0 0 0 0 0 0 0 0 0 0 0 0 0 0 1 1 2 3 3 4 5 5 5 5 5 5 5 5 5 5 5 5 5 5 5 5 
5 5 5 5 5 5 5 5 5 5 5 4 4 3 2 2 2 2 1 1 0 0 0 0 0 0 0 0 0 0 0 0 0 0 0 0 0 0 0 0 0 0 0 0 0 0 0 0 0 0 0 0 0 0 0 1 1 1 2 2 3 3 3 3 3 3 3 3 3 2 2 1 1 1 1 1 1 1 1 2 2 3 3 3 3 3 3 3 3 3 2 2 1 1 1 0 0 0 0 0 0 0 0 0 0 0 0 0 0 0 0 0 0 0 0 0 0 0 0 0 0 0 0 0 0 0 0 0 1 1 2 3 4 4 5 5 5 5 5 5 5 5 5 5 5 5 5 5 5 5 
5 5 5 5 5 5 5 5 5 5 5 4 4 3 3 2 2 2 1 1 0 0 0 0 0 0 0 0 0 0 0 0 0 0 0 0 0 0 0 0 0 0 0 0 0 0 0 0 0 0 0 0 0 1 1 1 2 2 3 3 3 3 3 4 4 4 4 3 3 3 2 2 2 2 2 2 2 2 2 2 3 3 3 4 4 4 4 3 3 3 3 3 2 2 1 1 1 0 0 0 0 0 0 0 0 0 0 0 0 0 0 0 0 0 0 0 0 0 0 0 0 0 0 0 0 0 0 0 1 1 2 3 4 5 5 5 5 5 5 5 5 5 5 5 5 5 5 5 5 5 
5 5 5 5 5 5 5 5 5 5 5 5 4 4 3 2 2 2 1 1 0 0 0 0 0 0 0 0 0 0 0 0 0 0 0 0 0 0 0 0 0 0 0 1 1 1 1 1 1 0 0 1 1 1 1 2 3 3 3 3 3 4 4 4 5 5 4 4 3 3 3 3 3 3 3 3 3 3 3 3 3 3 4 4 5 5 4 4 4 3 3 3 3 3 2 1 1 1 1 0 0 1 1 1 1 1 1 0 0 0 0 0 0 0 0 0 0 0 0 0 0 0 0 0 0 0 0 0 1 1 2 3 4 5 5 5 5 5 5 5 5 5 5 5 5 5 5 5 5 5 
5 5 5 5 5 5 5 5 5 5 5 5 4 3 3 2 2 1 1 0 0 0 0 0 0 0 0 0 0 0 0 0 0 0 0 0 0 0 1 1 1 1 1 1 2 2 2 1 1 1 1 1 1 2 2 3 3 3 4 4 4 4 5 5 5 5 5 4 4 4 3 3 3 3 3 3 3 3 3 3 4 4 4 5 5 5 5 5 4 4 4 4 3 3 3 2 2 1 1 1 1 1 1 2 2 2 1 1 1 1 1 1 0 0 0 0 0 0 0 0 0 0 0 0 0 0 0 0 1 1 2 3 4 5 5 5 5 5 5 5 5 5 5 5 5 5 5 5 5 5 
5 5 5 5 5 5 5 5 5 5 5 5 4 3 3 2 1 1 0 0 0 0 0 0 0 0 0 0 0 0 0 0 0 0 0 0 1 1 1 2 2 2 2 2 2 2 2 2 2 1 2 2 2 3 3 3 4 4 4 5 5 5 5 5 5 5 5 5 5 4 4 4 4 4 4 4 4 4 4 4 4 5 5 5 5 5 5 5 5 5 5 4 4 4 3 3 3 2 2 2 1 2 2 2 2 2 2 2 2 2 2 1 1 1 0 0 0 0 0 0 0 0 0 0 0 0 0 0 1 1 2 3 4 5 5 5 5 5 5 5 5 5 5 5 5 5 5 5 5 5 
5 5 5 5 5 5 5 5 5 5 5 5 4 3 3 2 1 0 0 0 0 0 0 0 0 0 0 0 0 0 0 0 1 1 1 1 1 1 2 2 3 3 3 3 3 3 3 2 2 2 2 3 3 3 3 4 4 5 5 5 5 5 5 5 5 5 5 5 5 5 5 5 5 5 5 5 5 5 5 5 5 5 5 5 5 5 5 5 5 5 5 5 5 4 4 3 3 3 3 2 2 2 2 3 3 3 3 3 3 3 2 2 1 1 1 1 1 1 0 0 0 0 0 0 0 0 0 0 1 1 2 3 4 5 5 5 5 5 5 5 5 5 5 5 5 5 5 5 5 5 
5 5 5 5 5 5 5 5 5 5 5 5 55 54 2 1 0 0 0 50 0 0 0 0 0 0 0 0 0 0 0 1 1 2 2 2 2 2 3 3 3 3 3 3 3 3 3 3 2 3 3 3 3 4 4 5 5 5 5 5 5 5 5 5 5 5 5 5 5 5 5 5 5 5 5 5 5 5 5 5 5 5 5 5 5 5 5 5 5 5 5 5 5 5 5 4 4 3 3 3 3 2 3 3 3 3 3 3 3 3 3 3 2 2 2 2 2 1 1 0 0 0 0 0 0 0 0 0 1 1 2 3 4 5 5 5 5 5 5 5 5 5 5 5 5 5 5 5 5 5 
5 5 5 5 5 5 5 5 5 5 5 5 55 55 2 1 0 0 0 50 0 0 0 0 0 0 0 0 0 0 0 1 2 2 2 3 3 3 3 3 3 3 3 3 3 3 3 3 3 3 3 3 4 4 5 5 5 5 5 5 5 5 5 5 5 5 5 5 5 5 5 5 5 5 5 5 5 5 5 5 5 5 5 5 5 5 5 5 5 5 5 5 5 5 5 5 4 4 3 3 3 3 3 3 3 3 3 3 3 3 3 3 3 3 3 2 2 2 1 0 0 0 0 0 0 0 0 0 1 1 2 3 4 5 5 5 5 5 5 5 5 5 5 5 5 5 5 5 5 5 
5 5 5 5 5 5 5 5 5 5 55 55 5 5 53 1 0 0 0 0 0 0 0 0 0 0 0 0 0 0 1 1 2 3 3 3 3 3 3 4 4 4 4 4 4 4 4 3 3 3 3 4 5 5 5 5 5 5 5 5 5 5 5 5 5 5 5 5 5 5 5 5 5 5 5 5 5 5 5 5 5 5 5 5 5 5 5 5 5 5 5 5 55 5 5 5 5 5 4 3 3 3 3 4 4 4 4 4 4 4 4 3 3 3 3 3 3 2 1 1 0 0 0 0 0 0 0 0 1 1 2 3 4 5 5 5 5 5 5 5 5 5 5 5 5 5 5 5 5 5 
5 5 5 5 5 5 5 5 5 5 55 55 5 4 53 2 0 0 0 0 0 0 0 0 0 0 0 0 0 1 1 1 2 3 3 3 4 4 4 5 5 5 5 5 5 5 4 4 4 4 4 5 5 5 5 5 5 5 5 5 5 5 5 5 5 5 5 5 5 5 5 5 5 5 5 5 5 5 5 5 5 5 5 5 5 5 5 55 55 5 5 5 55 5 5 5 5 5 5 4 4 4 4 4 5 5 5 5 5 5 5 4 4 4 3 3 3 2 1 1 1 0 0 0 0 0 0 0 1 1 2 3 4 4 5 5 5 5 5 5 5 5 5 5 5 5 5 5 5 5 
55 5 5 55 5 5 55 4 4 54 4 3 3 3 2 1 0 0 0 0 0 0 0 0 0 0 0 1 1 1 1 2 3 3 4 4 4 4 5 5 5 5 5 5 5 5 5 5 4 5 5 5 5 5 5 5 5 5 5 6 6 6 6 6 6 5 5 5 5 5 5 5 5 5 5 5 5 5 5 5 5 5 5 6 6 6 6 56 55 5 55 5 5 5 5 5 5 5 5 5 5 4 5 5 5 5 5 5 5 5 5 5 4 4 4 4 3 3 2 1 1 1 1 0 0 0 0 0 1 1 2 3 3 4 5 5 5 5 5 5 5 5 5 5 5 5 5 5 5 5 
3 3 54 3 3 2 2 1 1 1 1 50 1 1 1 0 0 0 0 0 0 0 0 0 0 0 1 1 2 2 2 3 3 3 4 5 5 5 5 5 5 5 5 5 5 5 5 5 5 5 5 5 5 5 5 5 6 6 6 7 7 7 7 7 7 7 7 6 5 5 5 5 5 5 5 5 5 5 5 5 5 5 6 7 8 7 7 7 6 6 56 55 5 5 5 5 5 5 5 5 5 5 5 5 5 5 5 5 5 5 5 5 5 5 5 4 3 3 3 2 2 2 1 1 0 0 0 0 1 1 2 3 3 4 4 5 5 5 5 5 5 5 5 5 5 5 5 5 5 5 
0 50 50 0 0 0 0 0 0 0 0 0 0 0 50 50 0 0 0 0 0 0 0 0 0 0 1 2 2 2 3 3 3 4 5 5 5 5 5 5 5 5 5 5 5 5 5 5 5 5 5 5 6 6 6 6 7 7 8 8 9 9 9 8 8 8 8 7 6 5 5 5 5 5 5 5 5 5 5 5 5 6 7 8 9 9 8 7 7 7 57 56 56 55 55 5 5 5 5 5 5 5 5 5 5 5 5 5 5 5 5 5 5 5 5 5 4 3 3 3 2 2 2 1 0 0 0 0 0 1 2 3 3 3 4 5 5 5 5 5 5 5 5 5 5 5 5 5 5 5 
0 0 0 0 0 0 50 0 0 0 0 0 0 0 0 0 0 0 0 0 0 0 0 0 0 0 1 2 2 3 3 3 4 5 5 5 5 5 5 5 5 5 5 5 5 5 5 5 5 5 5 5 6 7 7 7 8 9 9 9 9 9 9 9 9 9 9 8 6 5 5 5 5 5 5 5 5 5 5 5 6 7 8 9 9 7 6 4 4 7 8 7 57 56 56 6 55 5 5 5 5 5 5 5 5 5 5 5 5 5 5 5 5 5 5 5 5 4 3 3 3 2 2 1 0 0 0 0 0 1 2 2 3 3 4 5 5 5 5 5 5 5 5 5 5 5 5 5 5 5 
0 0 0 0 0 0 0 0 0 0 0 0 0 50 1 0 0 0 0 0 0 0 0 0 0 0 1 2 3 3 3 4 4 5 5 5 5 5 5 5 5 5 5 5 5 5 5 5 5 5 5 5 6 7 8 9 9 9 8 8 7 8 8 9 9 9 9 8 7 6 5 5 4 4 4 4 4 4 5 5 6 8 9 9 7 5 2 1 2 4 6 6 7 7 7 57 56 6 5 5 5 5 5 5 5 5 5 5 5 5 5 5 5 5 5 5 5 4 4 3 3 3 2 1 0 0 0 0 0 1 1 2 2 3 4 4 5 5 5 5 5 5 5 5 5 5 5 5 5 5 
0 0 0 0 0 50 50 0 0 0 0 50 51 1 1 0 0 0 0 0 0 0 0 0 0 0 1 2 3 3 3 4 5 5 5 5 5 5 5 5 5 5 5 5 5 5 5 5 5 5 5 6 7 8 9 9 9 8 6 4 3 4 5 6 7 8 9 9 7 6 5 5 4 4 4 4 4 4 5 5 7 8 9 8 6 3 1 0 1 1 2 3 5 6 8 8 58 7 6 5 5 5 5 5 5 5 5 5 5 5 5 5 5 5 5 5 5 5 4 3 3 3 2 1 0 0 0 0 0 0 1 1 2 3 3 4 5 5 5 5 5 5 5 5 5 5 5 5 5 5 
0 0 0 0 0 0 0 0 1 51 1 0 1 2 2 1 0 0 0 0 0 0 0 0 0 0 1 2 2 3 3 4 5 5 5 5 5 5 5 5 5 5 5 5 5 5 6 6 5 5 6 7 8 9 9 8 7 5 2 1 1 1 1 2 3 6 9 9 8 6 5 4 4 4 4 4 4 4 4 5 7 9 8 6 4 2 1 0 0 0 0 1 1 3 6 9 9 8 7 5 5 5 5 5 5 5 5 5 5 5 5 5 5 5 5 5 5 5 4 3 3 2 2 1 0 0 0 0 0 0 0 1 1 2 3 4 5 5 5 5 5 5 5 5 5 5 5 5 5 5 
0 0 0 0 0 0 51 51 1 1 1 1 1 3 3 1 0 0 0 0 0 0 0 0 0 0 1 2 2 3 3 4 5 5 5 5 5 5 5 5 5 5 5 5 5 6 6 6 6 6 8 8 9 9 8 6 3 2 1 0 0 0 0 0 1 3 7 9 8 6 4 4 4 4 4 4 4 4 4 5 8 9 7 4 2 1 0 0 0 0 0 0 0 1 3 8 9 9 7 6 5 5 5 5 5 5 5 5 5 5 5 5 5 5 5 5 5 5 4 3 3 2 2 1 0 0 0 0 0 0 0 1 1 2 3 4 5 5 5 5 5 5 5 5 5 5 5 5 5 5 
0 0 0 0 0 1 1 1 1 1 2 2 2 2 2 1 0 0 0 0 0 0 0 0 0 0 1 1 2 2 3 4 4 5 5 5 5 5 5 5 5 5 5 5 5 5 6 6 7 7 8 9 8 8 7 4 1 1 0 0 0 0 0 0 0 1 4 8 8 6 4 3 3 3 4 4 3 3 4 6 8 8 5 2 1 0 0 50 0 0 0 0 0 0 1 4 7 9 8 6 5 5 5 5 5 5 5 5 5 5 5 5 5 5 5 5 5 4 4 3 2 2 1 1 0 0 0 0 0 0 0 1 1 2 3 4 5 5 5 5 5 5 5 5 5 5 5 5 5 5 
0 0 0 0 1 2 2 2 52 2 2 2 1 52 1 0 0 0 0 0 0 0 0 0 0 0 1 1 2 2 3 4 4 5 5 5 5 5 5 5 5 5 5 5 5 5 6 7 8 9 8 8 6 5 4 2 1 0 0 0 0 0 0 0 0 1 3 7 8 5 3 3 3 3 4 4 3 3 5 7 8 7 4 1 0 0 0 0 0 0 0 0 0 0 0 1 4 7 9 8 7 6 5 5 5 5 5 5 5 5 5 5 5 5 5 5 5 4 4 3 2 2 1 1 0 0 0 0 0 0 0 0 1 2 3 4 5 5 5 5 5 5 5 5 5 5 5 5 5 5 
0 0 0 0 1 1 2 2 51 1 1 1 0 51 1 0 0 0 0 0 0 0 0 0 0 1 1 2 2 3 3 4 5 5 5 5 5 5 5 5 5 5 5 5 5 5 6 8 9 9 8 5 3 2 1 1 0 0 0 0 0 0 0 0 0 1 3 8 8 5 3 3 3 3 3 3 3 4 6 8 8 5 3 1 0 50 0 0 0 0 0 0 0 0 0 0 1 4 8 9 9 7 6 5 5 5 5 5 5 5 5 5 5 5 5 5 5 5 4 3 3 2 2 1 1 0 0 0 0 0 0 0 1 1 2 3 4 5 5 5 5 5 5 5 5 5 5 5 5 5 
0 0 0 0 50 51 2 2 1 1 0 0 0 0 0 0 0 0 0 0 0 0 0 0 1 1 1 2 3 3 3 4 5 5 5 5 5 5 5 5 5 5 5 5 5 6 7 9 9 8 6 3 2 1 0 0 0 50 0 0 0 0 0 0 0 1 3 8 8 5 3 3 3 3 3 3 3 4 7 9 7 4 2 0 0 50 0 0 0 0 0 0 0 0 0 0 1 3 8 9 9 8 6 5 5 5 5 5 5 5 5 5 5 5 5 5 5 5 4 3 3 3 2 1 1 1 0 0 0 0 0 0 0 1 2 3 4 5 5 5 5 5 5 5 5 5 5 5 5 5 
1 0 0 0 0 0 51 51 1 0 0 0 0 0 0 0 0 0 0 0 0 0 0 1 1 2 2 3 3 3 4 4 5 5 5 5 5 5 5 5 5 5 5 5 5 6 8 9 9 8 4 2 1 0 0 0 0 50 0 0 0 0 0 0 0 0 2 6 7 4 3 3 3 3 3 3 3 5 8 8 6 3 1 0 0 0 0 0 0 0 0 0 0 0 0 0 1 3 7 9 9 7 5 5 5 5 5 5 5 5 5 5 5 5 5 5 5 5 4 4 3 3 3 2 2 1 1 0 0 0 0 0 0 1 1 3 3 4 4 5 5 5 5 5 5 5 5 5 5 5 
0 0 0 0 0 0 0 1 0 0 0 0 0 0 0 0 0 0 0 0 0 0 1 1 2 2 3 3 3 4 4 5 5 5 5 5 5 5 5 5 5 5 5 5 5 6 8 9 9 7 3 1 0 0 0 0 0 0 0 0 0 0 0 0 0 0 1 3 5 3 2 2 2 2 3 3 3 6 8 8 5 2 0 0 0 0 0 0 0 0 0 0 0 0 0 0 1 4 8 9 8 6 5 5 5 5 5 5 5 5 5 5 5 5 5 5 5 5 5 4 4 3 3 3 2 2 1 1 0 0 0 0 0 1 1 2 3 3 4 4 5 5 5 5 5 5 5 5 5 5 
0 0 0 0 0 0 0 0 0 0 0 0 0 0 0 0 0 0 0 0 0 1 1 1 2 3 3 4 4 5 5 5 5 5 5 5 5 5 5 5 5 5 5 5 5 6 7 8 9 8 4 1 1 1 0 0 0 0 0 0 0 0 0 0 0 0 0 1 2 2 1 1 2 2 2 2 3 7 8 6 3 1 0 0 0 0 0 0 0 0 0 0 0 0 0 0 1 4 8 9 8 6 5 5 5 5 5 5 5 5 5 5 5 5 5 5 5 5 5 5 5 4 4 3 3 2 1 1 1 0 0 0 0 0 1 2 3 3 3 4 5 5 5 5 5 5 5 5 5 5 
0 50 0 0 0 0 0 0 0 0 0 0 0 0 0 0 0 0 0 0 1 1 1 2 3 3 4 4 5 5 5 5 5 5 5 5 5 5 5 5 5 5 5 5 5 5 6 7 9 9 7 4 3 1 0 0 0 0 0 0 0 0 0 0 0 0 0 1 2 2 1 1 1 1 1 1 3 6 7 4 2 1 0 0 0 0 0 0 0 0 0 0 0 0 0 1 2 6 8 9 7 5 5 5 5 5 5 5 5 5 5 5 5 5 5 5 5 5 5 5 5 5 4 4 3 3 2 1 1 1 0 0 0 0 1 2 2 3 3 4 4 5 5 5 5 5 5 5 5 5 
0 50 50 0 0 0 0 0 0 0 0 0 0 0 0 0 0 0 0 1 1 1 2 3 3 4 4 5 5 5 5 5 5 5 5 5 5 5 5 5 5 5 5 5 5 5 5 6 8 9 9 7 5 2 0 0 0 0 0 0 0 0 0 0 0 0 0 1 52 53 2 1 1 1 1 1 2 4 4 2 1 0 0 0 0 0 0 0 0 0 0 0 0 0 0 1 5 8 9 9 6 5 5 5 5 5 5 5 5 5 5 5 5 5 5 5 5 5 5 5 5 5 5 4 4 3 3 2 1 1 1 0 0 0 1 1 2 2 3 3 4 5 5 5 5 5 5 5 5 5 
0 0 0 0 0 0 0 0 0 0 0 0 0 0 0 0 0 0 0 1 2 2 3 3 4 4 5 5 5 5 5 5 5 5 5 5 5 5 5 5 5 5 5 5 5 5 5 5 6 7 8 9 7 3 1 0 0 0 0 0 0 0 0 0 0 0 0 1 2 2 1 0 1 1 1 1 1 1 1 1 0 0 0 0 0 0 0 0 0 0 0 0 0 0 1 3 8 9 9 8 5 4 4 5 5 5 5 5 5 5 5 5 5 5 5 5 5 5 5 5 5 5 5 5 4 4 3 3 2 2 1 0 0 0 0 1 1 2 2 3 3 4 4 5 5 5 5 5 5 5 
0 50 50 0 0 1 1 0 0 0 0 0 0 0 0 0 0 0 1 1 2 3 4 4 4 5 5 5 5 5 5 5 5 5 5 5 5 5 5 5 5 5 5 5 5 5 5 4 4 4 6 8 8 4 1 0 0 0 0 0 0 0 0 0 0 0 0 1 2 52 1 0 0 0 0 0 0 0 0 0 0 0 0 0 0 0 0 0 0 0 0 0 0 0 1 3 8 9 7 5 4 4 4 5 5 5 5 5 5 5 5 5 5 5 5 5 5 5 5 5 5 5 5 5 5 4 4 4 3 2 2 1 0 0 0 0 1 1 1 2 3 3 4 5 5 5 5 5 5 5 
0 0 0 50 1 1 1 1 0 0 0 0 0 0 0 0 0 0 1 2 3 3 4 4 5 5 5 5 5 5 5 5 5 5 5 5 5 5 5 55 5 5 5 5 5 4 4 4 4 3 4 6 8 6 2 1 0 0 0 0 0 0 0 0 0 0 0 1 1 1 0 0 0 0 0 0 0 0 0 0 0 0 0 0 0 0 0 0 0 0 0 0 0 0 1 2 5 5 4 3 3 4 4 4 4 5 5 5 5 5 5 5 6 6 5 5 5 5 5 5 5 5 5 5 5 5 4 4 3 3 2 1 0 0 0 0 0 0 1 1 2 3 3 4 5 5 5 5 5 5 
0 0 1 1 2 1 1 1 0 0 0 0 0 0 50 0 0 0 1 2 3 3 4 5 5 5 5 5 5 5 5 5 5 5 5 5 5 5 5 5 5 5 7 7 6 4 3 3 3 3 3 4 6 7 4 1 0 50 0 0 0 0 0 0 0 0 0 0 50 0 0 0 0 0 0 0 0 0 0 0 0 0 0 0 0 0 0 0 0 0 0 0 0 0 1 2 3 3 3 3 3 3 3 3 4 4 5 5 5 5 5 6 7 7 6 6 6 5 5 5 5 5 5 5 5 5 5 4 3 3 2 1 0 0 0 0 0 0 1 1 2 3 3 4 4 5 5 5 5 5 
0 1 2 2 2 1 1 1 0 0 0 0 0 0 50 0 0 0 1 2 3 3 4 4 5 5 5 5 5 5 5 5 5 6 6 56 6 6 5 5 5 6 8 9 7 4 3 3 3 3 3 3 5 6 4 2 1 0 0 0 0 0 0 0 0 0 0 0 0 0 0 0 0 0 0 0 0 0 0 0 0 0 0 0 0 0 0 0 0 0 0 0 0 1 2 2 3 3 3 3 3 3 3 3 3 4 5 6 6 6 6 7 8 8 8 7 7 6 5 5 5 5 5 5 5 5 4 4 3 3 2 1 0 0 0 0 0 0 0 1 2 2 3 3 4 4 5 5 5 5 
51 52 3 52 1 1 51 0 0 0 0 0 0 0 50 0 0 0 1 1 2 3 3 4 4 5 5 5 5 5 5 6 6 8 8 8 8 8 7 6 6 7 9 9 8 5 3 3 3 3 3 3 4 4 3 2 1 0 0 0 0 0 0 0 0 0 0 0 0 0 0 0 1 1 1 1 1 1 0 0 0 0 0 0 0 0 0 0 0 0 0 0 0 1 2 3 3 3 3 3 3 3 3 3 3 4 6 7 8 8 8 9 9 9 9 9 8 6 5 5 5 5 5 5 5 4 4 3 3 2 1 1 0 0 0 0 0 0 0 1 1 1 2 3 3 4 4 5 4 4 
1 2 2 2 0 50 50 0 0 0 0 0 0 0 50 0 0 1 1 2 2 3 3 3 4 5 5 5 5 5 6 7 8 9 9 9 8 9 9 8 8 8 9 9 9 8 6 4 3 3 3 3 3 3 3 2 2 1 1 0 0 0 0 0 0 0 0 0 0 0 1 3 3 4 4 4 4 3 3 1 0 0 0 0 0 0 0 0 0 0 0 0 1 2 2 3 3 3 3 3 3 3 3 3 4 6 8 9 9 9 9 9 9 9 9 9 9 8 6 5 5 5 5 5 5 4 3 3 3 2 2 1 1 0 0 0 0 0 0 0 0 1 1 2 3 3 4 4 4 3 
0 1 1 1 1 0 0 0 0 0 0 0 0 0 51 1 1 1 1 2 2 3 3 4 5 5 5 5 5 6 7 8 9 9 8 6 5 6 8 9 9 9 9 9 9 9 9 6 3 3 3 3 3 3 3 3 3 2 1 0 0 0 0 0 0 0 0 0 0 1 3 4 4 4 4 4 4 4 4 3 1 0 0 0 0 0 0 0 0 0 0 1 1 2 2 3 3 3 3 3 3 3 3 3 6 8 9 9 9 9 8 7 8 7 6 8 9 8 7 6 5 5 5 5 5 5 3 3 3 2 2 1 1 1 1 1 0 0 0 0 0 0 1 2 2 3 3 3 3 3 
0 0 0 0 0 0 0 0 0 0 0 0 0 1 1 2 2 2 2 3 3 53 3 4 6 6 6 5 6 7 8 9 9 8 5 3 2 3 4 6 8 8 8 6 6 8 9 7 4 3 2 2 2 2 2 2 2 2 2 1 0 0 1 1 0 0 0 0 0 2 4 4 4 4 4 4 4 4 4 4 2 0 0 0 0 0 1 1 0 0 1 1 2 2 2 2 2 2 2 2 2 2 2 3 6 8 8 7 7 5 3 2 2 2 1 5 8 9 8 7 6 6 6 5 5 5 4 3 3 3 3 2 2 2 2 1 1 0 0 0 0 0 1 1 2 2 3 3 3 2 
0 0 0 0 0 0 0 0 0 0 0 0 0 1 2 2 3 3 3 3 3 53 3 6 7 7 7 6 7 8 9 9 8 6 3 1 1 1 1 2 3 4 3 2 1 4 6 6 4 3 1 1 1 1 1 2 2 2 1 1 0 0 1 1 1 0 0 0 0 2 4 4 4 4 4 4 4 4 4 4 2 0 0 0 0 1 1 1 0 0 1 1 2 2 2 1 1 1 1 1 1 1 1 1 3 4 3 2 1 1 0 0 50 50 0 1 5 8 9 8 7 6 6 6 6 6 5 3 3 3 3 3 3 3 2 2 1 0 0 0 0 0 0 0 1 2 2 2 2 2 
0 0 0 0 0 0 0 0 0 0 0 0 0 1 2 3 3 3 3 3 3 3 3 6 8 8 8 8 8 9 9 8 6 3 1 50 50 0 0 0 1 1 1 1 0 1 2 3 4 3 1 1 1 1 1 1 1 1 1 0 0 0 1 1 0 0 0 0 0 2 4 4 4 4 4 4 4 4 4 4 2 0 0 0 0 0 1 1 0 0 0 1 1 1 1 1 1 1 1 0 0 0 0 0 1 1 1 0 0 0 0 0 50 50 0 0 51 7 9 9 8 8 7 7 7 7 5 3 3 3 3 3 3 3 3 2 1 0 0 0 0 0 0 0 0 1 1 2 2 2 
0 0 0 0 0 0 0 0 0 0 0 0 0 1 2 2 3 3 3 3 4 3 3 4 7 9 9 9 9 9 8 6 3 1 0 0 0 50 0 0 0 0 0 0 0 0 0 2 3 3 2 1 0 0 0 0 1 1 1 0 0 0 0 0 0 0 0 0 0 2 4 4 4 4 4 4 4 4 4 4 2 0 0 0 0 0 0 0 0 0 0 1 1 1 0 0 0 0 0 0 0 0 0 0 0 0 0 0 0 0 0 0 0 50 0 50 51 8 9 9 9 8 8 7 7 7 5 3 3 4 3 3 3 3 2 2 1 0 0 0 0 0 0 0 0 0 1 2 2 2 
1 1 1 0 0 0 0 0 0 0 0 0 0 1 1 2 3 3 3 53 3 53 52 2 4 7 8 8 8 8 6 3 1 0 0 0 0 0 50 0 0 0 0 0 0 0 0 1 2 3 2 1 0 0 0 0 0 0 0 0 0 0 0 0 0 0 0 0 0 1 3 4 4 4 4 4 4 4 4 3 1 0 0 0 0 0 0 0 0 0 0 0 0 0 0 0 0 0 0 0 0 0 0 0 50 50 0 0 0 0 0 0 50 50 50 50 52 8 9 9 9 9 8 6 6 4 2 2 3 3 3 3 3 3 2 1 1 0 0 0 0 0 0 0 0 0 1 2 2 2 
1 1 1 0 0 0 0 0 0 0 0 0 0 0 1 2 53 3 53 53 3 2 1 1 1 3 5 6 6 5 3 1 1 0 0 0 0 0 50 0 0 0 0 0 0 0 0 0 1 2 2 1 0 0 0 0 0 0 0 0 0 0 0 0 0 0 0 0 0 1 1 2 2 2 1 1 2 2 2 1 1 0 0 0 0 0 0 0 0 0 0 0 0 0 0 0 0 0 0 0 0 0 0 0 0 0 0 0 0 0 50 0 0 50 50 0 1 8 9 9 9 9 7 4 2 1 1 1 2 3 3 3 3 3 2 1 0 0 0 0 0 0 0 0 0 0 1 1 2 2 
1 1 1 0 0 0 0 0 0 0 0 0 0 0 1 2 2 3 3 3 2 1 0 0 0 1 2 3 3 2 1 1 0 0 0 0 0 0 0 0 0 0 0 0 0 0 0 0 1 2 2 1 0 0 0 0 0 0 0 0 0 0 0 0 0 0 0 0 0 0 0 1 0 0 0 0 0 0 1 0 0 0 0 0 0 0 0 0 0 0 0 0 0 0 0 0 0 0 0 0 0 0 0 0 0 0 0 0 0 0 0 0 0 0 0 0 1 3 5 5 4 4 3 2 1 0 0 0 1 2 3 3 3 2 2 1 0 0 0 0 0 0 0 0 0 0 0 1 1 2 
1 1 0 0 0 0 0 0 0 0 0 0 0 0 0 1 1 2 3 2 2 1 0 0 0 0 0 1 1 1 0 0 0 0 0 0 0 0 0 0 0 0 0 0 0 0 0 0 0 1 1 0 0 0 0 0 0 0 0 0 0 0 0 0 0 0 0 0 0 0 0 0 0 0 0 0 0 0 0 0 0 0 0 0 0 0 0 0 0 0 0 0 0 0 0 0 0 0 0 0 0 0 0 0 0 0 0 0 0 0 0 0 0 0 0 0 0 0 1 1 1 1 0 0 0 0 0 0 1 2 2 3 2 1 1 0 0 0 0 0 0 0 0 0 0 0 0 0 1 1 
0 0 0 0 0 0 0 0 0 0 0 0 0 0 0 0 1 2 2 2 1 0 0 0 0 0 0 0 0 0 0 0 0 0 0 0 0 0 0 0 0 0 0 0 0 0 0 0 0 0 0 0 0 0 0 0 0 0 0 0 0 0 0 0 0 0 0 0 0 0 0 0 0 0 0 0 0 0 0 0 0 0 0 0 0 0 0 0 0 0 0 0 0 0 0 0 0 0 0 0 0 0 0 0 0 0 0 0 0 0 0 0 0 0 0 0 0 0 0 0 0 0 0 0 0 0 0 0 0 1 2 2 2 1 0 0 0 0 0 0 0 0 0 0 0 0 0 0 0 0 
0 0 0 0 0 0 0 0 0 0 0 0 0 0 0 0 0 1 1 1 1 0 0 0 0 0 0 0 0 0 0 0 0 0 0 0 0 0 0 0 0 0 0 0 0 0 0 0 0 0 0 0 0 0 0 0 0 0 0 0 0 0 0 0 0 0 0 0 0 0 0 0 0 0 0 0 0 0 0 0 0 0 0 0 0 0 0 0 0 0 0 0 0 0 0 0 0 0 0 0 0 0 0 0 0 0 0 0 0 0 0 0 0 0 0 0 0 0 0 0 0 0 0 0 0 0 0 0 0 1 1 1 1 0 0 0 0 0 0 0 0 0 0 0 0 0 0 0 0 0 
0 0 0 0 0 0 0 0 0 0 0 0 0 0 0 0 0 0 0 0 0 0 0 0 0 0 0 0 0 0 0 0 0 0 0 0 0 0 0 0 0 0 0 0 0 0 0 0 0 0 0 0 0 0 0 0 0 0 0 0 0 0 0 0 0 0 0 0 0 0 0 0 0 0 0 0 0 0 0 0 0 0 0 0 0 0 0 0 0 0 0 0 0 0 0 0 0 0 0 0 0 0 0 0 0 0 0 0 0 0 0 0 0 0 0 0 0 0 0 0 0 0 0 0 0 0 0 0 0 0 0 0 0 0 0 0 0 0 0 0 0 0 0 0 0 0 0 0 0 0 
0 0 0 0 0 0 0 0 0 0 0 0 0 0 0 0 0 0 0 0 0 0 0 0 0 0 0 50 0 0 0 0 0 0 0 0 0 0 0 0 0 0 0 0 0 0 0 1 1 2 1 0 0 0 0 0 0 0 0 0 0 0 0 0 0 0 0 0 0 0 0 0 0 0 0 0 0 0 0 0 0 0 0 0 0 0 0 0 0 0 0 0 0 0 0 0 0 0 0 0 0 0 0 0 0 0 0 0 0 0 0 0 0 0 0 0 0 0 0 0 0 0 0 0 0 0 0 0 0 0 0 0 0 0 0 0 0 0 0 0 0 0 0 0 0 0 0 0 0 0 
0 0 0 0 0 0 0 0 0 0 0 0 0 0 0 0 0 0 0 0 0 0 0 0 0 0 0 0 0 0 0 0 0 0 0 0 0 0 0 0 0 0 0 0 0 0 51 3 3 3 2 1 0 0 0 0 0 0 0 0 0 0 0 0 0 0 0 0 0 0 0 0 0 0 0 0 0 0 0 0 0 0 0 0 0 0 0 0 0 0 0 0 0 0 0 0 0 0 0 0 0 0 0 0 0 0 0 0 0 0 0 0 0 0 0 0 0 0 0 0 0 0 0 0 0 0 0 0 0 0 0 0 0 0 0 0 0 0 0 0 0 0 0 0 0 0 0 0 0 0 
0 0 0 0 0 0 0 0 0 0 0 0 0 0 0 0 0 0 0 0 0 0 0 0 0 0 0 0 0 0 0 0 0 0 0 0 0 0 0 0 0 0 0 0 0 51 52 3 5 6 5 2 0 0 0 0 0 0 0 0 0 0 0 0 0 0 0 0 0 0 0 0 0 0 0 0 0 0 0 0 0 0 0 0 0 0 0 0 0 0 0 0 0 0 0 0 0 0 0 0 0 0 0 0 0 0 0 0 0 0 0 0 0 0 0 0 0 0 0 0 0 0 0 0 0 0 0 0 0 0 0 0 0 0 0 0 0 0 0 0 0 0 0 0 0 0 0 0 0 0 
0 0 0 0 0 0 0 0 0 0 0 0 0 0 0 0 0 0 0 0 0 0 0 0 0 0 0 0 0 0 0 0 0 0 0 0 0 0 0 0 0 0 0 0 0 1 1 3 8 9 8 3 2 0 0 0 0 50 0 0 0 0 0 0 0 0 0 0 0 0 0 0 0 0 0 0 0 0 0 0 0 0 0 0 0 0 0 0 0 0 0 0 0 0 0 0 0 0 0 0 0 0 0 0 0 0 0 0 0 0 0 0 0 0 0 0 0 0 0 0 0 0 0 0 0 0 0 0 0 0 0 0 0 0 0 0 0 0 0 0 0 0 0 0 0 0 0 0 0 0 
0 0 0 0 0 0 0 0 0 0 0 0 0 0 0 0 0 0 0 0 0 0 0 0 0 0 0 0 0 0 0 0 0 0 0 0 0 0 0 0 0 0 0 0 0 1 2 4 8 9 7 3 2 1 0 0 0 50 0 0 0 0 0 0 0 0 0 0 0 0 0 0 0 0 0 0 0 0 0 0 0 0 0 0 0 0 0 0 0 0 0 0 0 0 0 0 0 0 0 0 0 0 0 0 0 0 0 0 0 0 0 0 0 0 0 0 0 0 0 0 0 0 0 0 0 0 0 0 0 0 0 0 0 0 0 0 0 0 0 0 0 0 0 0 0 0 0 0 0 0 
0 0 0 0 0 0 0 0 0 0 0 0 0 0 0 0 0 0 0 0 0 0 0 0 0 0 0 0 0 0 0 0 0 0 0 0 0 0 0 0 0 0 0 0 0 1 2 5 9 9 8 4 2 1 0 0 0 0 0 0 0 0 0 0 0 0 0 0 0 0 0 0 0 0 0 0 0 0 0 0 0 0 0 0 0 0 0 0 0 0 0 0 0 0 0 0 0 0 0 0 0 0 0 0 0 0 0 0 0 0 0 0 0 0 0 0 0 0 0 0 0 0 0 0 0 0 0 0 0 0 0 0 0 0 0 0 0 0 0 0 0 0 0 0 0 0 0 0 0 0 
0 0 0 0 0 0 0 0 0 0 0 0 0 0 0 0 0 0 0 0 0 0 0 0 0 0 0 0 0 0 0 0 0 0 0 0 0 0 0 0 0 0 0 0 0 1 2 6 9 9 8 6 4 52 51 1 0 0 0 0 0 0 0 0 0 0 0 0 0 0 0 0 0 0 0 0 0 0 0 0 0 0 0 0 0 0 0 0 0 0 0 0 0 0 0 0 0 0 0 0 0 0 0 0 0 0 0 0 0 0 0 0 0 0 0 0 0 0 0 0 0 0 0 0 0 0 0 0 0 0 0 0 0 0 0 0 0 0 0 0 0 0 0 0 0 0 0 0 0 0 
0 0 0 0 0 0 0 0 0 0 0 0 0 0 0 0 0 0 0 0 0 0 0 0 0 0 0 0 0 0 0 0 0 0 0 0 0 0 0 0 0 0 0 0 0 0 2 6 9 9 9 7 5 6 4 3 1 0 0 0 0 0 0 0 0 0 0 0 0 0 0 0 0 0 0 0 0 0 0 0 0 0 0 0 0 0 0 0 0 0 0 0 0 0 0 0 0 0 0 0 0 0 0 0 0 0 0 0 0 0 0 0 0 0 0 0 0 0 0 0 0 0 0 0 0 0 0 0 0 0 0 0 0 0 0 0 0 0 0 0 0 0 0 0 0 0 0 0 0 0 
0 0 0 0 0 0 0 0 0 0 0 0 0 0 0 0 0 0 0 0 0 0 0 0 0 0 0 0 0 0 0 0 0 0 0 0 0 0 0 0 0 0 0 0 0 0 0 3 7 8 8 6 8 8 6 4 2 0 0 0 0 0 0 0 0 0 0 0 0 0 0 0 0 0 0 0 0 0 0 0 0 0 0 0 0 0 0 0 0 0 0 0 0 0 0 0 0 0 0 0 0 0 0 0 0 0 0 0 0 0 0 0 0 0 0 0 0 0 0 0 0 0 0 0 0 0 0 0 0 0 0 0 0 0 0 0 0 0 0 0 0 0 0 0 0 0 0 0 0 0 
0 0 0 0 0 0 0 0 0 0 0 0 0 0 0 0 0 0 0 0 0 0 0 0 0 0 0 0 0 0 0 0 0 0 0 0 0 0 0 0 0 0 0 0 0 0 0 1 2 2 3 7 9 9 8 5 2 0 0 0 0 0 0 0 0 0 0 0 0 0 0 0 0 0 0 0 0 0 0 0 0 0 0 0 0 0 0 0 0 0 0 0 0 0 0 0 0 0 0 0 0 0 0 0 0 0 0 0 0 0 0 0 0 0 0 0 0 0 0 0 0 0 0 0 0 0 0 0 0 0 0 0 0 0 0 0 0 0 0 0 0 0 0 0 0 0 0 0 0 0 
0 0 0 0 0 0 0 0 0 0 0 0 0 0 0 0 0 0 0 0 0 0 0 0 0 0 0 0 0 0 0 0 0 0 0 0 0 0 0 0 0 0 0 0 0 0 0 51 52 2 4 58 9 9 9 6 2 0 0 0 0 0 0 0 0 0 0 0 0 0 0 0 0 0 0 0 0 0 0 0 0 0 0 0 0 0 0 0 0 0 0 0 0 0 0 0 0 0 0 0 0 0 0 0 0 0 0 0 0 0 0 0 0 0 0 0 0 0 0 0 0 0 0 0 0 0 0 0 0 0 0 0 0 0 0 0 0 0 0 0 0 0 0 0 0 0 0 0 0 0 
0 0 0 0 0 0 0 0 0 0 0 0 0 0 0 0 0 0 0 0 0 0 0 0 0 0 0 0 0 0 0 0 0 0 0 0 0 0 0 0 0 0 0 0 0 0 0 1 1 2 7 9 9 9 9 7 2 0 0 0 0 0 0 0 0 0 0 0 0 0 0 0 0 0 0 0 0 0 0 0 0 0 0 0 0 0 0 0 0 0 0 0 0 0 0 0 0 0 0 0 0 0 0 0 0 0 0 0 0 0 0 0 0 0 0 0 0 0 0 0 0 0 0 0 0 0 0 0 0 0 0 0 0 0 0 0 0 0 0 0 0 0 0 0 0 0 0 0 0 0 
0 0 0 0 0 0 0 0 0 0 0 0 0 0 0 0 0 0 0 0 0 0 0 0 0 0 0 0 0 0 0 0 0 0 0 0 0 0 0 0 0 0 0 0 0 0 0 0 1 2 6 10 11 10 9 7 2 0 0 0 0 0 0 0 0 0 0 0 0 0 0 0 0 0 0 0 0 0 0 0 0 0 0 0 0 0 0 0 0 0 0 0 0 0 0 0 0 0 0 0 0 0 0 0 0 0 0 0 0 0 0 0 0 0 0 0 0 0 0 0 0 0 0 0 0 0 0 0 0 0 0 0 0 0 0 0 0 0 0 0 0 0 0 0 0 0 0 0 0 0 
0 0 0 0 0 0 0 0 0 0 0 0 0 0 0 0 0 0 0 0 0 0 0 0 0 0 0 0 0 0 0 0 0 0 0 0 0 0 0 0 0 0 0 0 0 0 0 0 0 3 7 9 12 9 5 2 1 0 0 0 0 0 0 0 0 0 0 0 0 0 0 0 0 0 0 0 0 0 0 0 0 0 0 0 0 0 0 0 0 0 0 0 0 0 0 0 0 0 0 0 0 0 0 0 0 0 0 0 0 0 0 0 0 0 0 0 0 0 0 0 0 0 0 0 0 0 0 0 0 0 0 0 0 0 0 0 0 0 0 0 0 0 0 0 0 0 0 0 0 0 
0 0 0 0 0 0 0 0 0 0 0 0 0 0 0 0 0 0 0 0 0 0 0 0 0 0 0 0 0 0 0 0 0 0 0 0 0 0 0 0 0 0 0 0 0 0 0 0 0 2 5 7 8 4 2 1 0 0 0 0 0 0 0 0 0 0 0 0 0 0 0 0 0 0 0 0 0 0 0 0 0 0 0 0 0 0 0 0 0 0 0 0 0 0 0 0 0 0 0 0 0 1 1 0 0 0 0 0 0 0 0 0 0 0 0 0 0 0 0 0 0 0 0 0 0 0 0 0 0 0 0 0 0 0 0 0 0 0 0 0 0 0 0 0 0 0 0 0 0 0 
0 0 0 0 0 0 0 0 0 0 0 0 0 0 0 0 0 0 0 0 0 0 0 0 0 0 0 0 0 0 0 0 0 0 0 0 0 0 0 0 0 0 0 0 0 0 0 0 0 1 2 3 2 1 1 0 0 0 0 0 0 0 0 0 0 0 0 0 0 0 0 0 0 0 0 0 0 0 0 0 0 0 0 0 0 0 0 0 0 0 0 0 0 0 0 0 1 2 2 1 1 1 1 1 0 0 0 0 0 0 0 0 0 0 0 0 0 0 0 0 0 0 0 0 0 0 0 0 0 0 0 0 0 0 0 0 0 0 0 0 0 0 0 0 0 0 0 0 0 0 
0 0 0 0 0 0 0 0 0 0 0 0 0 0 0 0 0 0 0 0 0 0 0 0 0 0 0 0 0 0 0 0 0 0 0 0 0 0 0 0 0 0 0 0 0 0 0 0 0 0 0 0 0 0 0 0 0 0 0 0 0 0 0 0 0 0 0 0 0 0 0 0 0 0 0 0 0 0 0 0 0 0 0 0 0 0 0 0 0 0 0 0 0 0 0 0 2 6 6 3 1 1 1 0 0 0 0 0 0 0 0 0 0 0 0 0 0 0 0 0 0 0 0 0 0 1 1 0 0 1 2 1 0 0 0 0 0 0 0 0 0 0 0 0 0 0 0 0 0 0 
0 0 0 0 0 0 0 0 0 0 0 0 0 0 0 0 0 0 0 0 0 0 0 0 0 0 0 0 0 0 0 0 0 0 0 0 0 0 0 0 0 0 0 0 0 0 0 0 0 0 0 0 0 0 0 0 0 0 0 0 0 0 0 0 0 0 0 0 0 0 0 0 0 0 0 0 0 0 0 0 0 0 0 0 0 0 0 0 0 0 0 0 0 0 0 1 4 8 9 5 1 1 50 0 0 0 0 0 0 0 0 0 0 0 0 0 0 0 0 0 0 0 0 1 1 1 1 1 1 2 2 2 0 0 0 0 0 0 0 0 0 0 0 0 0 0 0 0 0 0 
0 0 0 0 0 0 0 0 0 0 0 0 0 0 0 0 0 0 0 0 0 0 0 0 0 0 0 0 0 0 0 0 0 0 0 0 0 0 0 0 0 0 0 0 0 0 0 0 0 0 0 0 0 0 0 0 0 0 0 0 0 0 0 0 0 0 0 0 0 0 0 0 0 0 0 0 0 0 0 0 0 0 0 0 0 0 0 0 0 0 0 0 0 0 0 1 6 9 9 6 4 4 2 0 50 0 0 0 0 0 0 0 0 0 0 0 0 0 0 0 0 0 1 1 2 2 1 1 1 2 3 3 2 1 0 0 0 0 0 0 0 0 0 0 0 0 0 0 0 0 
0 0 0 0 0 0 0 0 0 0 0 0 0 0 0 0 0 0 0 0 0 0 0 0 0 0 0 0 0 0 0 0 0 0 0 0 0 0 0 0 0 0 0 0 0 0 0 0 0 0 0 0 0 0 0 0 0 0 0 0 0 0 0 0 0 0 0 0 0 0 0 0 0 0 0 0 0 0 0 0 0 0 0 0 0 0 0 0 0 0 0 0 0 0 0 1 4 8 8 6 6 7 5 1 50 1 2 2 2 1 0 0 0 0 0 0 0 0 0 0 0 0 1 1 1 1 1 1 1 1 3 4 3 2 0 0 0 0 0 0 0 0 0 0 0 0 0 0 0 0 
0 0 0 0 0 0 0 0 0 0 0 0 0 0 0 0 0 0 0 0 0 0 0 0 0 0 0 0 0 0 0 0 0 0 0 0 0 0 0 0 0 0 0 0 0 0 0 0 0 0 0 0 0 0 0 0 0 0 0 0 0 0 0 0 0 0 0 0 0 0 0 0 0 0 0 0 0 0 0 0 0 0 0 0 0 0 0 0 0 0 0 0 0 0 0 1 52 3 5 55 56 6 4 1 1 3 6 6 5 2 1 0 0 0 0 0 0 0 0 0 0 0 0 1 1 1 2 4 3 2 2 4 3 2 0 0 0 0 0 0 0 0 0 0 0 0 0 0 0 0 
0 0 0 0 0 0 0 0 0 0 0 0 0 0 0 0 0 0 0 0 0 0 0 0 0 0 0 0 0 0 0 0 0 0 0 0 0 0 0 0 0 0 0 0 0 0 0 0 0 0 0 0 0 0 0 0 0 0 0 0 0 0 0 0 0 0 0 0 0 0 0 0 0 0 0 0 0 0 0 0 0 0 0 0 0 0 0 0 0 0 0 0 0 0 0 0 1 5 9 9 7 5 3 2 4 10 11 9 5 2 1 0 0 0 0 0 0 0 0 0 0 0 0 0 0 1 3 4 3 2 1 1 1 0 0 0 0 0 0 0 0 0 0 0 0 0 0 0 0 0 
0 0 0 0 0 0 0 0 0 0 0 0 0 0 0 0 0 0 0 0 0 0 0 0 0 0 0 0 0 0 0 0 0 0 0 0 0 50 50 0 0 0 0 0 0 0 0 0 0 0 0 0 0 0 0 0 0 0 0 0 0 0 0 0 0 0 0 0 0 0 0 0 0 0 0 0 0 0 0 0 0 0 0 0 0 0 0 0 0 0 0 0 0 0 0 50 53 11 12 11 9 6 54 53 8 12 12 10 5 1 0 0 0 0 0 0 0 0 0 0 0 0 0 0 0 1 1 2 2 1 0 0 0 0 0 0 0 0 0 0 0 0 0 0 0 0 0 0 0 0 
0 0 0 0 0 0 0 0 0 0 0 0 0 0 0 0 0 0 0 0 0 0 0 0 0 0 0 0 0 0 0 0 0 0 0 0 0 0 0 0 0 0 0 0 0 0 0 0 0 0 0 0 0 0 0 0 0 0 0 0 0 0 0 0 0 0 0 0 0 0 0 0 0 0 0 0 0 0 0 0 0 0 0 0 0 0 0 0 0 0 0 0 0 0 0 1 6 12 13 12 10 5 4 54 7 11 11 9 6 1 0 0 0 0 0 0 0 0 0 0 0 0 0 0 0 0 0 0 0 0 0 0 0 0 0 0 0 0 0 0 0 0 0 0 0 0 0 0 0 0 
0 0 0 0 0 0 0 0 0 0 0 0 0 0 0 0 0 0 0 0 0 0 0 0 0 0 0 0 0 0 0 0 0 0 0 0 50 0 0 0 0 0 0 0 0 0 0 0 0 0 0 0 0 0 0 0 0 0 0 0 0 0 0 0 0 0 0 0 0 0 0 0 0 0 0 0 0 0 0 0 0 0 0 0 0 0 0 0 0 0 0 0 0 0 1 4 8 10 11 10 6 3 4 6 6 7 8 6 3 1 0 0 0 0 0 0 0 0 0 0 0 0 0 0 0 0 0 0 0 0 0 0 0 0 0 0 0 0 50 0 0 0 0 0 0 0 0 0 0 0 
0 0 0 0 0 0 0 0 0 0 0 0 0 0 0 0 0 0 0 0 0 0 0 0 0 0 0 0 0 0 0 0 0 50 50 50 50 0 0 0 50 0 0 0 0 0 0 0 0 0 0 0 0 0 0 0 0 0 0 0 0 0 0 0 0 0 0 0 0 0 0 0 0 0 0 0 0 0 0 0 0 0 0 0 0 0 0 0 0 0 0 0 0 0 2 5 7 7 5 4 2 2 6 9 8 4 1 1 1 0 0 0 0 0 0 0 0 0 0 0 0 0 0 0 0 0 0 0 0 0 0 0 0 0 0 50 51 1 50 0 0 0 0 0 0 0 0 0 0 0 
0 0 0 0 0 0 0 0 0 0 0 0 0 0 0 0 0 0 0 0 0 0 0 0 0 0 0 0 0 0 0 0 0 50 50 50 0 0 50 50 50 50 50 0 0 0 0 0 0 0 0 0 0 0 0 0 0 0 0 0 0 0 0 0 0 0 0 0 0 0 0 0 0 0 0 0 0 0 0 0 0 0 0 0 0 0 0 0 0 0 0 0 0 0 1 3 4 2 51 1 1 52 56 9 9 5 1 0 0 0 0 0 0 0 0 0 0 0 0 0 0 0 0 0 0 0 0 0 0 0 0 0 0 0 50 1 1 1 1 1 1 1 0 0 0 0 0 0 0 0 
0 0 0 0 0 0 0 0 0 0 0 0 0 0 0 0 0 1 1 1 1 0 0 0 0 0 0 0 0 0 0 0 0 0 50 0 0 0 0 0 0 0 50 0 0 0 0 0 0 0 0 0 0 0 0 0 0 0 0 0 0 0 0 0 0 0 0 0 0 0 0 0 0 0 0 0 0 0 0 0 0 0 0 0 0 0 0 0 0 0 0 0 0 0 0 1 1 0 0 0 0 51 56 10 9 6 1 0 0 0 0 0 0 0 0 0 0 0 0 0 0 0 0 0 0 0 0 0 0 1 1 1 1 0 0 0 1 1 1 1 1 1 0 0 0 0 0 0 0 0 
0 0 0 0 0 0 0 0 0 0 0 0 0 0 0 0 1 2 2 2 1 0 0 0 0 0 0 0 0 0 0 0 0 0 0 0 0 50 50 0 0 0 0 0 0 0 0 0 0 0 0 0 0 0 0 0 0 0 0 0 0 0 0 0 0 0 0 0 0 0 0 0 0 0 0 0 0 0 0 0 0 0 0 0 0 0 0 0 0 0 0 0 0 0 0 0 0 0 0 0 0 2 7 11 10 5 2 0 0 0 0 0 0 0 0 0 0 0 0 0 0 0 0 0 0 0 0 0 0 1 2 2 2 1 0 50 50 0 0 51 51 1 0 0 0 0 0 0 0 0 
1 1 0 0 0 0 0 0 0 0 0 0 0 0 0 1 1 2 3 2 2 1 0 0 0 0 0 0 1 0 0 0 0 0 0 0 0 0 0 0 0 0 0 0 0 0 0 0 0 0 0 0 0 0 0 0 0 0 0 0 0 0 0 0 0 0 0 0 0 0 0 0 0 0 0 0 0 0 0 0 0 0 0 0 0 0 0 0 0 0 0 0 0 0 0 0 0 0 0 0 0 2 6 9 6 3 1 0 0 0 0 0 0 0 0 0 0 0 0 0 0 1 0 0 0 0 0 0 1 2 2 3 2 1 1 0 0 0 50 0 0 50 0 0 0 0 0 0 0 0 
2 1 1 0 0 0 0 0 0 0 0 0 0 0 1 2 2 3 3 3 2 1 0 0 0 1 2 4 3 2 1 0 0 0 0 0 0 0 0 0 0 0 50 0 0 0 0 0 0 0 0 0 0 0 0 0 0 0 0 0 0 0 0 0 0 0 0 0 0 0 0 1 0 0 0 0 0 0 1 0 0 0 0 0 0 0 0 0 0 0 0 0 0 0 0 0 0 0 0 0 0 1 3 3 2 1 0 0 0 0 0 0 0 0 0 0 0 0 0 1 2 3 3 2 1 0 0 1 1 2 3 3 3 52 2 1 0 0 51 1 51 50 0 0 0 0 0 0 0 0 
2 2 1 1 0 0 0 0 0 0 0 0 0 0 1 2 3 3 3 3 3 2 1 1 1 3 6 8 8 5 3 1 0 0 0 0 0 0 0 0 0 0 0 0 0 0 0 0 0 0 0 0 0 0 0 0 0 0 0 0 0 0 0 0 0 0 0 0 0 1 1 2 2 2 1 1 2 2 2 1 1 0 0 0 0 0 0 0 0 0 0 0 0 0 0 0 0 0 0 1 1 0 1 1 0 0 0 0 0 0 0 0 0 0 0 0 0 0 1 3 5 6 7 5 3 1 2 3 4 3 3 3 3 53 52 1 0 0 1 1 1 0 0 0 0 0 0 0 1 1 
2 2 2 1 0 0 0 0 0 0 0 0 0 1 1 2 3 3 3 3 3 3 3 2 3 5 7 9 9 8 5 2 50 50 0 0 0 0 0 0 0 0 0 0 0 0 0 0 0 0 0 0 0 0 0 0 0 0 0 0 0 0 0 0 0 0 0 0 0 1 3 4 4 4 4 4 4 4 4 3 1 0 0 0 0 0 0 0 0 0 0 0 0 0 0 0 0 1 1 2 2 1 0 0 0 0 0 0 0 0 0 0 0 0 0 0 0 0 1 5 7 8 8 7 5 4 4 5 6 4 53 53 3 53 2 1 0 0 1 1 1 0 0 0 0 0 0 1 1 1 
2 2 2 1 0 0 0 0 0 0 0 0 0 1 2 2 3 3 3 3 4 4 4 5 5 5 7 9 9 9 8 6 52 50 0 0 0 0 0 0 0 0 0 0 0 0 0 1 1 2 1 0 0 0 0 0 1 1 1 0 0 0 0 0 0 0 0 0 0 2 4 4 4 4 4 4 4 4 4 4 2 0 0 0 0 0 0 0 0 0 0 1 1 1 0 0 0 1 3 6 6 3 2 1 0 0 0 0 0 0 0 0 0 0 0 0 0 1 3 7 9 9 8 7 6 5 5 6 5 4 3 53 53 53 2 1 0 1 51 51 0 0 0 0 0 0 0 1 1 1 
2 2 2 1 1 0 0 0 0 0 0 0 0 1 2 3 3 3 3 3 4 4 4 6 5 5 7 8 9 9 9 9 7 51 50 50 0 50 50 50 0 0 0 0 0 0 1 2 4 4 2 1 1 1 1 1 1 1 1 0 0 0 1 1 0 0 0 0 0 2 4 4 4 4 4 4 4 4 4 4 2 0 0 0 0 0 1 1 0 0 0 1 1 1 1 1 1 1 2 5 7 7 6 3 1 1 0 0 0 0 0 0 0 0 0 0 0 2 6 8 9 9 7 56 55 5 5 4 4 4 3 53 53 53 2 1 0 1 1 1 0 0 0 0 0 0 0 1 1 1 
2 2 2 2 2 1 0 0 0 0 0 0 0 1 2 2 3 3 3 3 3 3 4 5 5 5 6 7 7 8 9 9 9 3 50 50 50 50 50 0 0 0 1 1 1 2 3 5 6 5 3 2 1 1 1 2 2 2 1 1 0 0 1 1 1 0 0 0 0 2 4 4 4 4 4 4 4 4 4 4 2 0 0 0 0 1 1 1 0 0 1 1 2 2 2 1 1 1 2 3 5 8 8 7 5 3 2 1 1 1 0 0 0 0 0 0 1 4 8 9 9 7 6 55 55 5 5 3 3 3 3 3 3 52 2 1 0 1 1 0 0 0 0 0 0 0 0 1 1 1 
2 3 3 3 2 2 1 1 0 0 0 0 0 1 1 2 2 2 2 3 3 3 3 4 5 5 5 6 6 6 8 9 9 6 51 51 51 1 1 2 3 3 4 5 5 6 7 6 5 4 3 2 2 2 2 2 2 2 1 1 0 0 1 1 0 0 0 0 0 2 4 4 4 4 4 4 4 4 4 4 2 0 0 0 0 0 1 1 0 0 1 1 2 3 2 2 2 2 2 2 4 6 8 9 9 8 7 6 5 4 3 1 1 0 0 1 4 7 9 8 7 6 5 5 5 5 4 3 3 3 3 2 2 2 1 1 0 0 0 0 0 0 0 0 0 0 1 3 2 1 
3 3 3 3 3 2 2 1 0 0 0 0 0 0 1 1 1 1 1 2 2 3 3 3 5 5 5 5 5 5 6 9 9 9 7 6 5 3 5 8 8 8 8 8 9 8 7 5 3 3 3 3 3 3 3 3 2 1 1 0 0 0 0 0 0 0 0 0 0 1 3 4 4 4 4 4 4 4 4 3 1 0 0 0 0 0 0 0 0 0 0 1 2 4 4 3 3 3 3 3 3 3 5 8 9 9 9 9 9 9 8 7 4 2 2 4 7 9 8 7 6 5 5 5 5 5 3 3 3 2 2 1 1 1 1 0 0 0 0 0 0 0 0 0 0 2 7 8 6 3 
3 4 4 4 3 3 2 1 1 0 0 0 0 0 0 0 0 1 1 2 2 3 3 3 4 5 5 5 5 5 5 7 9 9 9 9 9 9 9 9 9 9 9 9 7 6 5 3 3 3 3 3 3 4 5 4 2 1 0 0 0 0 0 0 0 0 0 0 0 0 1 3 3 4 4 4 4 3 3 1 0 0 0 0 0 0 0 0 0 0 0 1 2 5 6 4 3 3 3 3 3 3 3 4 6 7 8 9 9 9 9 9 8 8 8 8 9 8 7 6 5 5 5 5 5 4 3 3 3 2 2 1 1 0 0 0 0 0 0 0 0 0 0 0 1 5 9 9 8 5 
4 4 5 4 4 3 3 2 1 1 1 0 0 0 0 0 0 0 1 1 2 3 3 4 4 5 5 5 5 5 5 6 7 9 9 9 9 9 9 9 9 9 8 6 4 3 3 3 3 3 3 3 4 7 8 4 1 0 0 0 0 0 0 0 0 0 0 0 0 0 0 0 1 1 1 1 1 1 0 0 0 0 0 0 0 0 0 0 0 0 0 0 1 3 6 5 4 3 3 3 3 3 3 3 3 4 6 7 8 8 9 9 9 9 9 9 8 7 6 55 55 5 5 5 5 4 4 3 3 2 1 1 0 0 0 0 0 0 0 0 0 0 0 0 51 55 9 9 9 5 
5 5 5 5 4 4 3 3 2 2 1 0 0 0 0 0 0 0 1 2 3 3 4 4 5 5 5 5 5 5 6 6 7 9 9 9 9 9 9 8 8 8 7 5 4 3 3 3 3 3 3 3 5 8 8 3 1 0 0 0 0 0 0 0 0 0 0 0 0 0 0 0 0 0 0 0 0 0 0 0 0 0 0 0 0 0 0 0 0 0 0 0 0 2 4 7 7 4 3 3 3 3 3 3 3 4 5 5 5 6 6 7 7 7 8 8 6 5 5 55 55 5 5 5 5 5 4 4 3 3 2 1 0 0 0 0 0 0 0 0 0 0 0 0 51 53 6 8 6 1 
5 5 5 5 5 4 4 3 3 2 1 1 0 0 0 0 0 0 1 2 3 3 4 5 5 5 5 5 5 5 6 6 7 8 9 8 7 8 7 6 6 6 6 5 4 4 3 3 3 3 3 5 6 7 5 2 0 0 0 0 0 0 0 0 0 0 0 0 0 0 1 0 0 0 0 0 0 0 0 0 0 0 0 0 0 0 0 0 0 0 0 0 0 1 2 6 8 6 4 3 3 3 3 3 4 4 5 5 5 5 5 5 5 5 6 6 5 5 5 5 5 5 5 5 5 5 5 4 3 3 2 1 0 0 0 0 0 0 0 0 1 1 1 1 1 2 2 2 1 0 
5 5 5 5 5 5 4 3 3 2 1 1 0 0 0 0 0 0 1 2 3 3 4 4 5 5 5 5 5 5 5 6 6 7 7 6 6 6 6 5 5 5 5 5 5 4 4 4 4 3 5 8 8 5 2 1 0 0 0 0 0 0 0 0 0 0 0 0 0 1 1 1 0 0 0 0 0 0 0 0 1 1 1 0 0 0 0 0 0 0 0 0 0 50 1 3 6 7 5 4 3 4 4 4 4 5 5 5 5 5 5 5 5 5 5 5 5 5 5 5 5 5 5 5 5 5 4 4 3 3 2 1 0 0 0 0 0 0 0 0 1 1 1 1 2 2 2 2 1 0 
5 5 5 5 5 5 5 4 3 3 2 1 1 1 0 0 0 0 1 2 2 3 4 4 4 5 5 5 5 5 5 6 6 6 6 5 6 6 6 6 5 5 5 5 5 5 5 4 4 5 8 9 8 3 1 0 0 0 0 0 0 0 0 0 0 0 0 0 1 1 2 1 0 0 0 0 0 0 0 1 2 3 2 1 0 0 0 0 0 0 0 0 0 51 1 2 4 8 8 6 4 4 4 5 5 5 5 5 5 5 5 5 5 5 5 5 5 5 5 5 5 5 5 5 5 4 4 4 3 2 2 1 0 0 0 0 0 0 0 51 51 52 2 1 1 3 5 5 3 1 
5 5 5 5 5 5 5 4 4 3 3 2 2 1 1 0 0 0 0 1 2 2 3 3 4 4 5 5 5 5 5 5 6 6 6 5 6 6 6 5 5 5 5 5 5 5 5 5 6 8 9 8 6 2 0 0 0 0 0 0 0 0 0 0 0 50 0 0 1 3 4 2 1 1 1 1 1 1 1 2 4 4 2 1 0 0 0 0 0 0 0 0 1 2 2 2 2 6 9 8 5 4 4 5 5 5 5 5 5 5 5 5 5 5 5 5 5 5 5 5 5 5 5 5 4 4 3 3 2 2 1 0 0 0 0 0 0 0 0 50 52 55 4 1 1 3 5 5 3 1 
5 5 5 5 5 5 5 5 5 4 3 3 2 2 1 1 0 0 0 1 1 1 2 3 3 4 4 5 5 5 5 5 5 5 5 5 5 5 5 5 5 5 5 5 5 5 5 5 8 9 9 6 3 1 0 0 0 0 0 0 0 0 0 0 0 50 50 0 1 5 6 3 1 1 1 1 1 1 2 5 7 4 1 0 0 0 0 0 0 0 0 0 0 1 52 1 1 3 7 9 8 6 5 5 5 5 5 5 5 5 5 5 5 5 5 5 5 5 5 5 5 5 5 4 4 3 3 2 1 1 1 0 0 0 0 0 0 0 0 50 52 59 10 3 2 4 5 3 1 0 
5 5 5 5 5 5 5 5 5 4 4 3 3 2 2 1 0 0 0 0 1 1 1 2 3 3 4 4 5 5 5 5 5 5 5 5 5 5 5 5 5 5 5 5 5 5 5 5 8 9 7 3 1 0 0 0 0 0 0 0 0 0 0 0 0 0 0 0 1 5 7 4 2 1 1 1 1 1 2 7 9 5 1 0 0 0 0 0 0 0 0 50 0 1 2 3 1 1 4 8 9 7 6 5 5 5 5 5 5 5 5 5 5 5 5 5 5 5 5 5 5 5 4 4 3 3 2 1 1 1 0 0 0 0 0 0 0 0 0 0 2 7 10 4 2 3 4 3 1 0 
5 5 5 5 5 5 5 5 5 5 4 3 3 3 2 1 0 0 0 0 0 1 1 1 2 3 3 4 4 5 5 5 5 5 5 5 5 5 5 5 5 5 5 5 5 5 5 7 9 9 5 1 0 0 0 0 0 0 0 0 0 0 0 0 0 0 0 0 1 5 8 5 2 2 2 2 2 2 3 7 9 6 1 0 0 0 0 0 0 0 0 0 1 2 4 4 2 1 2 5 8 9 8 6 5 5 5 5 5 5 5 5 5 5 5 5 5 5 5 5 5 4 4 3 3 2 1 1 1 0 0 0 0 0 0 0 0 0 0 0 1 3 5 4 3 3 4 4 3 1 
5 5 5 5 5 5 5 5 5 5 4 4 3 3 2 1 1 0 0 0 0 0 1 1 2 2 3 3 3 4 4 5 5 5 5 5 5 5 5 5 5 5 5 5 5 5 6 8 9 9 5 1 0 0 0 0 0 0 0 0 0 0 0 0 0 0 0 0 1 5 8 5 3 2 3 3 2 2 3 7 9 5 1 0 0 0 0 0 0 0 0 0 51 2 3 3 2 52 2 3 7 9 8 6 5 5 5 5 5 5 5 5 5 5 5 5 5 5 5 4 4 3 3 3 2 2 1 1 0 0 0 0 0 0 0 0 0 0 0 0 0 1 3 5 5 3 3 4 3 1 
5 5 5 5 5 5 5 5 5 5 5 4 4 3 3 1 1 0 0 0 0 0 0 1 1 2 2 3 3 3 4 4 5 5 5 5 5 5 5 5 5 5 5 5 5 5 5 8 9 9 6 1 0 0 0 0 0 0 0 0 0 0 0 0 0 0 0 0 2 6 9 6 3 3 3 3 3 3 3 6 8 4 1 0 0 0 0 0 0 0 1 1 1 1 1 1 1 2 2 3 7 9 9 7 6 5 5 5 5 5 5 5 5 5 5 5 5 5 4 4 3 3 3 2 2 1 1 0 0 0 0 0 0 0 0 0 0 0 0 0 0 1 5 9 7 4 3 3 2 1 
5 5 5 5 5 5 5 5 5 5 5 5 5 4 3 2 1 0 0 0 0 0 0 0 1 1 1 2 3 3 3 4 5 5 5 5 5 5 5 5 5 5 5 5 5 5 5 7 9 9 6 2 1 0 0 0 0 50 50 0 0 0 0 0 50 0 0 1 3 7 9 6 3 3 3 3 3 3 3 6 8 5 1 0 0 0 0 1 1 1 2 2 1 0 0 0 1 51 3 5 7 8 8 8 6 5 55 5 5 5 5 5 5 5 5 5 5 5 4 3 3 3 2 1 1 1 0 0 0 0 0 0 0 0 0 0 0 0 0 0 0 1 8 10 8 4 3 3 1 1 
5 5 5 5 5 5 5 5 5 5 5 5 5 4 3 2 1 1 0 0 0 0 0 0 0 1 1 2 2 3 3 4 5 5 5 5 5 5 5 5 5 5 5 5 5 5 5 6 8 9 6 3 2 1 1 0 0 0 0 0 0 0 0 0 50 0 1 2 4 8 8 5 3 3 3 3 3 3 3 6 9 6 2 1 0 0 1 2 2 2 2 2 1 0 0 0 1 2 5 8 9 8 7 7 6 5 55 5 5 5 5 5 5 5 5 5 5 5 4 3 3 2 2 1 1 0 0 0 0 0 0 0 0 0 0 0 0 0 0 0 0 2 6 8 7 4 5 5 2 1 
5 5 5 5 5 5 5 5 5 5 5 5 5 5 4 3 2 1 0 0 0 0 0 0 0 0 1 1 2 2 3 4 4 5 5 5 5 5 5 5 5 5 5 5 5 5 5 6 7 7 6 5 5 4 2 1 0 0 0 0 0 0 0 0 0 0 1 2 6 9 9 6 3 3 4 4 3 3 3 5 8 7 3 1 0 0 0 1 2 1 1 1 0 0 0 1 3 6 8 9 9 8 7 6 56 6 5 5 5 5 5 5 5 5 5 5 5 4 4 3 2 2 1 1 0 0 0 0 0 0 0 0 0 0 0 0 50 50 0 0 0 51 2 4 3 4 5 5 3 1 
5 5 5 5 5 5 5 5 5 5 5 5 5 5 4 3 2 1 1 0 0 0 0 0 0 0 1 1 2 2 3 4 4 5 5 5 5 5 5 5 5 5 5 5 5 5 5 5 6 6 5 56 8 8 5 1 0 0 0 0 0 0 0 0 0 1 1 3 6 9 9 7 3 3 4 4 3 3 3 5 8 8 5 1 1 0 0 0 1 1 1 1 1 1 1 3 6 8 9 9 8 7 6 7 57 7 6 5 5 5 5 5 5 5 5 5 5 4 4 3 2 2 1 1 0 0 0 0 0 0 0 0 0 0 0 0 50 50 50 0 50 51 5 6 4 3 6 5 3 1 
5 5 5 5 5 5 5 5 5 5 5 5 5 5 4 3 2 1 1 0 0 0 0 0 0 0 1 2 2 3 3 4 5 5 5 5 5 5 5 5 5 5 5 5 5 5 5 5 5 5 55 56 58 9 7 2 1 1 1 0 0 0 0 0 1 2 4 5 8 9 9 6 4 4 4 4 4 4 4 5 9 9 7 3 1 1 0 0 0 0 1 1 1 2 4 7 8 9 9 8 7 6 56 7 8 8 6 5 5 5 5 5 5 5 5 5 5 5 4 3 3 2 2 1 0 0 0 0 0 0 0 0 0 0 0 0 50 50 50 0 50 52 6 7 6 4 5 4 3 1 
5 5 5 5 5 5 5 5 5 5 5 5 5 5 4 3 2 1 1 0 0 0 0 0 0 0 1 2 2 3 3 4 5 5 5 5 5 5 5 5 5 5 5 5 5 5 5 5 5 5 5 55 6 58 7 5 3 3 3 2 1 0 1 1 2 5 8 9 9 9 8 5 4 4 4 4 4 4 4 6 9 9 9 6 5 4 1 0 0 1 1 2 3 6 8 9 9 9 8 7 6 6 55 6 7 7 6 5 5 5 5 5 5 5 5 5 5 5 4 3 3 2 2 1 0 0 0 0 0 0 0 0 0 0 0 0 0 1 2 2 2 6 9 8 6 5 4 3 2 1 
5 5 5 5 5 5 5 5 5 5 5 5 5 5 4 3 3 2 1 1 0 0 0 0 0 0 1 2 3 3 3 4 5 5 5 5 5 5 5 5 5 5 5 5 5 5 5 5 5 5 5 5 55 56 57 7 7 7 7 7 4 2 2 3 5 7 9 9 9 9 7 5 4 4 4 4 4 4 5 6 8 9 9 9 8 8 4 1 1 2 4 6 7 8 9 9 8 7 6 6 6 6 6 6 6 6 5 5 5 5 5 5 5 5 5 5 5 5 4 3 3 3 2 1 0 0 0 0 0 0 0 0 0 0 0 0 0 3 6 6 4 6 7 5 3 4 2 1 1 1 
5 5 5 5 5 5 5 5 5 5 5 5 5 5 4 4 3 2 2 1 1 0 0 0 0 0 1 2 3 3 3 4 4 5 5 5 5 5 5 5 5 5 5 5 5 5 5 5 5 5 5 5 5 55 6 6 7 9 9 9 8 6 6 7 8 9 9 9 9 8 6 5 4 4 4 4 4 4 5 5 6 8 9 9 9 9 7 2 3 6 7 8 9 9 9 7 6 5 5 5 6 6 5 6 6 5 5 5 5 5 5 5 5 5 5 5 5 4 4 3 3 3 2 1 0 0 0 0 0 0 0 0 0 0 0 0 0 3 6 6 3 5 5 3 2 2 1 0 0 0 
5 5 5 5 5 5 5 5 5 5 5 5 5 5 5 4 3 3 2 2 1 0 0 0 0 0 1 2 2 3 3 3 4 5 5 5 5 5 5 5 5 5 5 5 5 5 5 5 5 5 5 5 5 5 5 56 56 7 8 9 9 9 9 9 9 9 9 9 8 6 5 5 5 5 5 5 5 5 5 5 5 6 8 9 9 9 9 7 8 8 9 9 9 9 8 6 5 5 5 5 5 5 5 5 5 5 5 5 5 5 5 5 5 5 5 5 5 4 3 3 3 2 2 1 0 0 0 0 0 0 0 0 0 0 0 0 0 1 4 3 1 1 2 1 1 0 0 0 1 1 
5 5 5 5 5 5 5 5 5 5 5 5 5 5 5 4 3 3 3 2 1 0 0 0 0 0 1 2 2 2 3 3 3 4 5 5 5 5 5 5 5 5 5 5 5 5 5 5 5 5 5 5 5 5 5 55 5 6 7 8 9 9 9 9 9 9 9 9 7 6 5 5 5 5 5 5 5 5 5 5 5 6 7 9 9 9 9 9 9 9 9 9 8 8 7 5 5 5 5 5 5 5 5 5 5 5 5 5 5 5 5 5 5 5 5 5 4 3 3 3 2 2 2 1 0 0 0 0 0 0 0 0 0 0 0 0 51 1 51 52 2 52 52 2 52 51 1 2 52 3 
5 5 5 5 5 5 5 5 5 5 5 5 5 5 5 4 4 3 3 2 1 1 0 0 0 0 1 1 2 2 2 3 3 3 4 5 5 5 5 5 5 5 5 5 5 5 5 5 5 5 5 5 5 5 5 5 5 5 55 56 8 9 9 9 9 9 8 7 6 5 5 5 5 5 5 5 5 5 5 5 5 5 6 7 7 7 8 9 9 9 8 7 6 6 6 5 5 5 5 5 5 5 5 5 5 5 5 5 5 5 5 5 5 5 5 4 3 3 3 2 2 2 1 1 0 0 0 0 0 0 0 0 0 0 0 51 52 52 53 53 53 53 53 53 53 53 53 53 53 54 
5 5 5 5 5 5 5 5 5 5 5 5 5 5 5 5 4 3 3 2 1 1 0 0 0 0 0 1 1 1 1 2 3 3 4 4 4 4 5 5 5 5 5 5 5 5 5 5 4 5 5 5 5 5 5 5 5 5 55 56 6 8 8 8 7 7 6 6 5 5 5 5 5 5 5 5 5 5 5 5 5 5 5 5 5 6 6 7 7 7 6 5 5 5 5 5 5 5 5 5 5 4 5 5 5 5 5 5 5 5 5 5 4 4 4 4 3 3 2 1 1 1 1 0 0 0 0 0 0 0 0 0 0 50 51 52 53 53 54 54 55 55 55 55 55 55 54 54 54 54 
5 5 5 5 5 5 5 5 5 5 5 5 5 5 5 5 4 4 3 2 1 1 0 0 0 0 0 0 0 1 1 1 2 3 3 3 4 4 4 5 5 5 5 5 5 5 4 4 4 4 4 5 5 5 5 5 5 5 5 5 6 7 7 7 7 7 6 5 5 5 5 5 5 5 5 5 5 5 5 5 5 5 5 5 5 5 5 5 6 5 5 5 5 5 5 5 5 5 5 4 4 4 4 4 5 5 5 5 5 5 5 4 4 4 3 3 3 2 1 1 1 0 0 0 0 0 0 0 0 0 0 0 0 51 51 52 53 53 54 54 55 55 55 55 5 55 55 55 5 5 
5 5 5 5 5 5 5 5 5 5 5 5 5 5 5 5 5 4 3 2 1 1 0 0 0 0 0 0 0 0 1 1 2 3 3 3 3 3 3 4 4 4 4 4 4 4 4 3 3 3 3 4 5 5 5 5 5 5 5 5 6 6 6 6 7 7 6 5 5 5 5 5 5 5 5 5 5 5 5 5 5 5 5 5 5 5 5 5 5 5 5 5 5 5 5 5 5 5 4 3 3 3 3 4 4 4 4 4 4 4 4 3 3 3 3 3 3 2 1 1 0 0 0 0 0 0 0 0 0 0 0 0 1 51 51 1 2 52 3 4 4 5 5 5 5 5 5 5 5 5 
5 5 5 5 5 5 5 5 5 5 5 5 5 5 5 5 5 4 3 2 1 1 0 0 0 0 0 0 0 0 0 1 2 2 2 3 3 3 3 3 3 3 3 3 3 3 3 3 3 3 3 3 4 4 5 5 5 5 5 5 5 5 5 6 6 6 5 5 5 5 5 5 5 5 5 5 5 5 5 5 5 5 5 5 5 5 5 5 5 5 5 5 5 5 5 5 4 4 3 3 3 3 3 3 3 3 3 3 3 3 3 3 3 3 3 2 2 2 1 0 0 0 0 0 0 0 0 0 0 0 0 0 1 51 51 1 2 2 3 4 4 5 5 5 5 5 5 5 5 5 
5 5 5 5 5 5 5 5 5 5 5 5 5 5 5 5 5 4 3 2 1 1 0 0 0 0 0 0 0 0 0 1 1 2 2 2 2 2 3 3 3 3 3 3 3 3 3 3 2 3 3 3 3 4 4 5 5 5 5 5 5 5 5 5 5 5 5 5 5 5 5 5 5 5 5 5 5 5 5 5 5 5 5 5 5 5 5 5 5 5 5 5 5 5 5 4 4 3 3 3 3 2 3 3 3 3 3 3 3 3 3 3 2 2 2 2 2 1 1 0 0 0 0 0 0 0 0 0 0 0 0 0 1 1 1 1 2 2 3 3 4 5 5 5 5 5 5 5 5 5 
5 5 5 5 5 5 5 5 5 5 5 5 5 5 5 5 5 4 3 2 1 1 0 0 0 0 0 0 0 0 0 0 1 1 1 1 1 1 2 2 3 3 3 3 3 3 3 2 2 2 2 3 3 3 3 4 4 5 5 5 5 5 5 5 5 5 5 5 5 5 5 5 5 5 5 5 5 5 5 5 5 5 5 5 5 5 5 5 5 5 5 5 5 4 4 3 3 3 3 2 2 2 2 3 3 3 3 3 3 3 2 2 1 1 1 1 1 1 0 0 0 0 0 0 0 0 0 0 0 0 0 0 1 1 1 1 2 2 3 3 4 5 5 5 5 5 5 5 5 5 
5 5 5 5 5 5 5 5 5 5 5 5 5 5 5 5 5 4 3 2 1 1 0 0 0 0 0 0 0 0 0 0 0 0 0 0 1 1 1 2 2 2 2 2 2 2 2 2 2 1 2 2 2 3 3 3 4 4 4 5 5 5 5 5 5 5 5 5 5 4 4 4 4 4 4 4 4 4 4 4 4 5 5 5 5 5 5 5 5 5 5 4 4 4 3 3 3 2 2 2 1 2 2 2 2 2 2 2 2 2 2 1 1 1 0 0 0 0 0 0 0 0 0 0 0 0 0 0 0 0 0 0 1 1 0 0 1 2 3 3 4 5 5 5 5 5 5 5 5 5 
5 5 5 5 5 5 5 5 5 5 5 5 5 5 5 5 5 4 3 2 1 1 0 0 0 0 0 0 0 0 0 0 0 0 0 0 0 0 1 1 1 1 1 1 2 2 2 1 1 1 1 1 1 2 2 3 3 3 4 4 4 4 5 5 5 5 5 4 4 4 3 3 3 3 3 3 3 3 3 3 4 4 4 5 5 5 5 5 4 4 4 4 3 3 3 2 2 1 1 1 1 1 1 2 2 2 1 1 1 1 1 1 0 0 0 0 0 0 0 0 0 0 0 0 0 0 0 0 0 0 0 0 1 1 0 0 1 2 3 3 4 5 5 5 5 5 5 5 5 5 
5 5 5 5 5 5 5 5 5 5 5 5 5 5 5 5 5 4 3 2 1 1 0 0 0 0 0 0 0 0 0 0 0 0 0 0 0 0 0 0 0 0 0 1 1 1 1 1 1 0 0 1 1 1 1 2 3 3 3 3 3 4 4 4 5 5 4 4 3 3 3 3 3 3 3 3 3 3 3 3 3 3 4 4 5 5 4 4 4 3 3 3 3 3 2 1 1 1 1 0 0 1 1 1 1 1 1 0 0 0 0 0 0 0 0 0 0 0 0 0 0 0 0 0 0 0 0 0 0 0 0 0 1 1 0 0 1 2 3 3 4 5 5 5 5 5 5 5 5 5 
5 5 5 5 5 5 5 5 5 5 5 5 5 5 5 5 5 4 3 2 1 1 0 0 0 0 0 0 0 0 0 0 0 0 0 0 0 0 0 0 0 0 0 0 0 0 0 0 0 0 0 0 0 1 1 1 2 2 3 3 3 3 3 4 4 4 4 3 3 3 2 2 2 2 2 2 2 2 2 2 3 3 3 4 4 4 4 3 3 3 3 3 2 2 1 1 1 0 0 0 0 0 0 0 0 0 0 0 0 0 0 0 0 0 0 0 0 0 0 0 0 0 0 0 0 0 0 0 0 0 0 0 1 1 0 0 1 2 3 3 4 4 5 5 5 5 5 5 5 5 
5 5 5 5 5 5 5 5 5 5 5 5 5 5 5 5 4 4 3 2 1 1 0 0 0 0 0 0 0 0 0 0 0 0 0 0 0 0 0 0 0 0 0 0 0 0 0 0 0 0 0 0 0 0 0 1 1 1 2 2 3 3 3 3 3 3 3 3 3 2 2 1 1 1 1 1 1 1 1 2 2 3 3 3 3 3 3 3 3 3 2 2 1 1 1 0 0 0 0 0 0 0 0 0 0 0 0 0 0 0 0 0 0 0 0 0 0 0 0 0 0 0 0 0 0 0 0 0 0 0 0 0 1 1 0 0 1 2 3 3 4 4 5 5 5 5 5 5 5 5 
5 5 5 5 5 5 5 5 5 5 5 5 5 5 5 5 4 3 3 2 1 1 0 0 0 0 0 0 0 0 0 0 0 0 0 0 0 0 0 0 0 0 0 0 0 0 0 0 0 0 0 0 0 0 0 0 1 1 1 2 2 2 2 2 3 3 3 2 2 2 1 1 1 0 0 0 0 1 1 1 2 2 2 3 3 3 2 2 2 2 2 1 1 1 0 0 0 0 0 0 0 0 0 0 0 0 0 0 0 0 0 0 0 0 0 0 0 0 0 0 0 0 0 0 0 0 0 0 0 0 0 0 1 1 0 0 1 2 3 3 4 4 5 5 5 5 5 5 5 5 
5 5 5 5 5 5 5 5 5 5 5 5 5 5 5 4 4 3 3 2 1 0 0 0 0 0 0 0 0 0 0 0 0 0 0 0 0 0 0 0 0 0 0 0 0 0 0 0 0 0 0 0 0 0 0 0 0 0 1 1 1 1 1 2 2 2 2 1 1 1 1 0 0 0 0 0 0 0 0 1 1 1 1 2 2 2 2 1 1 1 1 1 0 0 0 0 0 0 0 0 0 0 0 0 0 0 0 0 0 0 0 0 0 0 0 0 0 0 0 0 0 0 0 0 0 0 0 0 0 0 0 0 1 1 0 0 1 2 3 3 4 4 5 5 5 5 5 5 5 5 
5 5 5 5 5 5 5 5 5 5 5 5 5 5 5 4 3 3 2 1 1 0 0 0 0 0 0 0 0 0 0 0 0 0 0 0 0 0 0 0 0 0 0 0 0 0 0 0 0 0 0 0 0 0 0 0 0 0 0 0 0 1 1 1 1 1 1 1 0 0 0 0 0 0 0 0 0 0 0 0 0 0 1 1 1 1 1 1 1 0 0 0 0 0 0 0 0 0 0 0 0 0 0 0 0 0 0 0 0 0 0 0 0 0 0 0 0 0 0 0 0 0 0 0 0 0 0 0 0 0 0 0 0 0 0 0 1 2 2 3 4 4 5 5 5 5 5 5 5 5 
5 5 5 5 5 5 5 5 5 5 5 5 5 5 5 4 3 3 2 1 1 0 0 0 0 0 0 0 0 0 0 0 0 0 0 0 0 0 0 0 0 0 0 0 0 0 0 0 0 0 0 0 0 0 0 0 0 0 0 0 0 0 0 0 0 0 0 0 0 0 0 0 0 0 0 0 0 0 0 0 0 0 0 0 0 0 0 0 0 0 0 0 0 0 0 0 0 0 0 0 0 0 0 0 0 0 0 0 0 0 0 0 0 0 0 0 0 0 0 0 0 0 0 0 0 0 0 0 0 0 0 0 0 0 0 0 0 2 2 3 4 4 5 5 5 5 5 5 5 5 
5 5 5 5 5 5 5 5 5 5 5 5 5 5 5 4 3 3 2 1 1 0 0 0 0 0 0 0 0 0 0 0 0 0 0 0 0 0 0 0 0 0 0 0 0 0 0 0 0 0 0 0 0 0 0 0 0 0 0 0 0 0 0 0 0 0 0 0 0 0 0 0 0 0 0 0 0 0 0 0 0 0 0 0 0 0 0 0 0 0 0 0 0 0 0 0 0 0 0 0 0 0 0 0 0 0 0 0 0 0 0 0 0 0 0 0 0 0 0 0 0 0 0 0 0 0 0 0 0 0 0 0 0 0 0 0 0 2 2 3 4 4 5 5 5 5 5 5 5 5 
5 5 5 5 5 5 5 5 5 5 5 5 5 5 5 4 3 2 2 1 0 0 0 0 0 0 0 0 0 0 0 0 0 0 0 0 0 0 0 0 0 0 0 0 0 0 0 0 0 0 0 0 0 0 0 0 0 0 0 0 0 0 0 0 0 0 0 0 0 0 0 0 0 0 0 0 0 0 0 0 0 0 0 0 0 0 0 0 0 0 0 0 0 0 0 0 0 0 0 0 0 0 0 0 0 0 0 0 0 0 0 0 0 0 0 0 0 0 0 0 0 0 0 0 0 0 0 0 0 0 0 0 0 0 0 0 1 2 2 3 4 4 5 5 5 5 5 5 5 5 
5 5 5 5 5 5 5 5 5 5 5 5 5 5 5 4 3 2 1 1 0 0 0 0 0 0 0 0 0 0 0 0 0 0 0 0 0 0 0 0 0 0 0 0 0 0 0 0 0 0 0 0 0 0 0 0 0 0 0 0 0 0 0 0 0 0 0 0 0 0 0 0 0 0 0 0 0 0 0 0 0 0 0 0 0 0 0 0 0 0 0 0 0 0 0 0 0 0 0 0 0 0 0 0 0 0 0 0 0 0 0 0 0 0 0 0 0 0 0 0 0 0 0 0 0 0 0 0 0 0 0 0 0 0 0 0 1 52 52 3 4 4 5 5 5 5 5 5 5 5 
5 5 5 5 5 5 5 5 5 5 5 5 5 5 4 4 2 1 1 0 0 0 0 0 0 0 0 0 0 0 0 0 0 0 0 0 0 0 0 0 0 0 0 0 0 0 0 0 0 0 0 0 0 0 0 0 0 0 0 0 0 0 0 0 0 0 0 0 0 0 0 0 0 0 0 0 0 0 0 0 0 0 0 0 0 0 0 0 0 0 0 0 0 0 0 0 0 0 0 0 0 0 0 0 0 0 0 0 0 0 0 0 0 0 0 0 0 0 0 0 0 0 0 0 0 0 0 0 0 0 0 0 0 0 0 0 1 51 52 3 4 4 5 5 5 5 5 5 5 5 
5 5 5 5 5 5 5 5 5 5 5 5 5 5 4 3 2 1 1 0 0 0 0 0 0 0 0 0 0 0 0 0 0 0 0 0 0 0 0 0 0 0 0 0 0 0 0 0 0 0 0 0 0 0 0 0 0 0 0 0 0 0 0 0 0 0 0 0 0 0 0 0 0 0 0 0 0 0 0 50 0 50 50 50 50 0 0 0 0 0 0 0 0 0 0 0 0 0 0 0 0 0 0 0 0 0 0 0 0 0 0 0 0 0 0 0 0 0 0 0 0 0 0 0 0 0 0 0 0 0 0 0 0 0 0 0 1 51 52 3 4 4 4 5 5 5 5 5 5 5 
5 5 5 5 5 5 5 5 5 5 5 5 5 5 4 3 2 1 1 0 0 0 0 0 0 0 0 0 0 0 0 0 0 0 0 0 0 0 0 0 0 0 0 0 0 0 0 0 0 0 0 0 0 0 0 0 0 0 0 0 0 0 0 0 0 0 0 0 0 0 0 0 0 0 50 50 0 0 50 50 0 50 50 0 50 0 0 0 0 50 0 0 0 0 0 0 0 0 0 0 0 0 0 0 0 0 0 0 0 0 0 0 0 0 0 0 0 0 0 0 0 0 0 0 0 0 0 0 0 0 0 0 0 0 0 0 1 51 52 3 4 4 4 5 5 5 5 5 5 5 
5 5 5 5 5 5 5 5 5 5 5 5 5 4 3 3 2 1 1 0 0 0 0 0 0 0 0 0 0 0 0 0 0 0 0 0 0 0 0 0 0 0 0 0 0 0 0 0 0 0 0 0 0 0 0 0 0 0 0 0 0 0 0 0 0 0 0 0 0 0 0 0 0 0 0 0 0 0 0 0 0 50 0 0 0 50 0 0 0 50 0 0 0 0 0 0 0 0 0 0 0 0 0 0 0 0 0 0 0 0 0 0 0 0 0 0 0 0 0 0 0 0 0 0 0 0 0 0 0 0 0 0 0 0 0 0 1 1 52 2 3 4 4 5 5 5 5 5 5 5 
5 5 5 5 5 5 5 5 5 5 5 5 4 3 3 3 2 1 0 0 0 0 0 0 0 0 0 0 0 0 0 0 0 0 0 0 0 0 0 0 0 0 0 0 0 0 0 0 0 0 0 0 0 0 0 0 0 0 0 0 0 0 0 0 0 0 0 0 0 0 0 0 0 50 0 50 50 0 0 0 0 0 0 0 0 0 0 0 0 0 0 0 0 0 50 0 0 0 0 0 0 0 0 0 0 0 0 0 0 0 0 0 0 0 0 0 0 0 0 0 0 0 0 0 0 0 0 0 0 0 0 0 50 50 0 0 1 1 52 52 3 4 4 5 5 5 5 5 5 5 
5 5 5 5 5 5 5 5 5 5 5 4 2 2 2 2 1 0 0 0 0 0 0 0 0 0 0 0 0 0 0 0 0 0 0 0 0 0 0 0 0 0 0 0 0 0 0 0 0 0 0 0 0 0 0 0 0 0 0 0 0 0 0 0 0 0 50 0 0 0 0 0 0 0 0 0 0 0 0 0 0 0 50 0 0 0 0 0 0 0 50 50 0 0 50 0 0 0 0 0 0 0 0 0 0 0 0 0 0 0 0 0 0 0 0 0 0 0 0 0 0 0 0 0 0 0 0 0 0 0 0 0 50 50 0 0 1 1 52 52 53 4 4 5 5 5 5 5 5 5 
5 5 5 5 5 5 5 5 5 5 3 2 1 1 1 1 1 0 0 0 0 0 0 0 0 0 0 0 0 0 0 0 0 0 0 0 0 0 0 0 0 0 0 0 0 0 0 0 0 0 0 0 0 0 0 0 0 0 0 0 0 0 0 0 0 0 50 0 0 0 0 0 0 0 0 0 0 0 0 0 0 0 50 0 0 0 50 0 0 0 0 0 0 0 50 0 0 0 0 0 0 0 0 0 0 0 0 0 0 0 0 0 0 0 0 0 0 0 0 0 0 0 0 0 0 0 0 0 0 0 0 0 0 0 0 0 1 51 52 52 53 54 4 5 5 5 5 5 5 5 
5 5 5 5 5 5 5 5 5 4 2 1 1 1 1 1 1 1 0 0 0 0 0 0 0 0 0 0 0 0 0 0 0 0 0 0 0 0 0 0 0 0 0 0 0 0 0 0 0 0 0 0 0 0 0 0 0 0 0 0 0 0 0 0 0 0 0 0 0 0 0 50 0 0 50 0 0 0 0 0 0 0 0 0 0 0 0 0 0 0 0 0 0 0 50 0 0 0 0 0 0 0 0 0 0 0 0 0 0 0 0 0 0 0 0 0 0 0 0 0 0 0 0 0 0 0 0 0 0 0 0 0 0 0 0 0 1 51 52 52 53 54 54 55 55 55 55 55 55 55 
5 5 5 5 5 5 5 5 5 4 2 1 1 1 1 1 1 1 0 0 0 0 0 0 0 0 0 0 0 0 0 0 0 0 0 0 0 0 0 0 0 0 0 0 0 0 0 0 0 0 0 0 0 0 0 0 0 0 0 0 0 0 0 0 0 0 0 0 0 0 0 0 0 0 0 0 0 0 0 50 0 0 0 0 0 50 50 0 0 0 0 0 0 0 50 0 0 0 0 0 0 0 0 0 0 0 0 0 0 0 0 0 0 0 0 0 0 0 0 0 0 0 0 0 0 0 0 0 0 0 0 0 0 0 0 0 1 1 52 52 53 54 54 55 55 55 55 55 55 55 
